 Xvort = [
 -4.50000E+00  6.00000E-02
 -4.49000E+00  6.00288E-02
 -4.48001E+00  6.00576E-02
 -4.47001E+00  6.00865E-02
 -4.46002E+00  6.01155E-02
 -4.45002E+00  6.01445E-02
 -4.44003E+00  6.01736E-02
 -4.43003E+00  6.02027E-02
 -4.42004E+00  6.02319E-02
 -4.41004E+00  6.02611E-02
 -4.40005E+00  6.02904E-02
 -4.39005E+00  6.03198E-02
 -4.38006E+00  6.03492E-02
 -4.37006E+00  6.03787E-02
 -4.36007E+00  6.04082E-02
 -4.35007E+00  6.04378E-02
 -4.34008E+00  6.04674E-02
 -4.33008E+00  6.04971E-02
 -4.32009E+00  6.05269E-02
 -4.31009E+00  6.05567E-02
 -4.30010E+00  6.05865E-02
 -4.29010E+00  6.06165E-02
 -4.28011E+00  6.06465E-02
 -4.27011E+00  6.06765E-02
 -4.26012E+00  6.07066E-02
 -4.25012E+00  6.07368E-02
 -4.24013E+00  6.07670E-02
 -4.23013E+00  6.07973E-02
 -4.22014E+00  6.08277E-02
 -4.21014E+00  6.08581E-02
 -4.20015E+00  6.08885E-02
 -4.19015E+00  6.09191E-02
 -4.18016E+00  6.09497E-02
 -4.17016E+00  6.09803E-02
 -4.16017E+00  6.10110E-02
 -4.15017E+00  6.10418E-02
 -4.14018E+00  6.10727E-02
 -4.13018E+00  6.11036E-02
 -4.12019E+00  6.11345E-02
 -4.11019E+00  6.11656E-02
 -4.10020E+00  6.11967E-02
 -4.09021E+00  6.12278E-02
 -4.08021E+00  6.12591E-02
 -4.07022E+00  6.12904E-02
 -4.06022E+00  6.13217E-02
 -4.05023E+00  6.13531E-02
 -4.04023E+00  6.13846E-02
 -4.03024E+00  6.14162E-02
 -4.02024E+00  6.14478E-02
 -4.01025E+00  6.14795E-02
 -4.00026E+00  6.15112E-02
 -3.99026E+00  6.15430E-02
 -3.98027E+00  6.15749E-02
 -3.97027E+00  6.16069E-02
 -3.96028E+00  6.16389E-02
 -3.95028E+00  6.16710E-02
 -3.94029E+00  6.17031E-02
 -3.93030E+00  6.17353E-02
 -3.92030E+00  6.17676E-02
 -3.91031E+00  6.18000E-02
 -3.90031E+00  6.18324E-02
 -3.89032E+00  6.18649E-02
 -3.88032E+00  6.18975E-02
 -3.87033E+00  6.19301E-02
 -3.86034E+00  6.19628E-02
 -3.85034E+00  6.19956E-02
 -3.84035E+00  6.20285E-02
 -3.83035E+00  6.20614E-02
 -3.82036E+00  6.20944E-02
 -3.81037E+00  6.21274E-02
 -3.80037E+00  6.21606E-02
 -3.79038E+00  6.21938E-02
 -3.78039E+00  6.22271E-02
 -3.77039E+00  6.22604E-02
 -3.76040E+00  6.22939E-02
 -3.75040E+00  6.23274E-02
 -3.74041E+00  6.23609E-02
 -3.73042E+00  6.23946E-02
 -3.72042E+00  6.24283E-02
 -3.71043E+00  6.24621E-02
 -3.70044E+00  6.24960E-02
 -3.69044E+00  6.25300E-02
 -3.68045E+00  6.25640E-02
 -3.67046E+00  6.25981E-02
 -3.66046E+00  6.26323E-02
 -3.65047E+00  6.26665E-02
 -3.64047E+00  6.27009E-02
 -3.63048E+00  6.27353E-02
 -3.62049E+00  6.27698E-02
 -3.61049E+00  6.28044E-02
 -3.60050E+00  6.28390E-02
 -3.59051E+00  6.28738E-02
 -3.58051E+00  6.29086E-02
 -3.57052E+00  6.29435E-02
 -3.56053E+00  6.29785E-02
 -3.55054E+00  6.30135E-02
 -3.54054E+00  6.30486E-02
 -3.53055E+00  6.30839E-02
 -3.52056E+00  6.31192E-02
 -3.51056E+00  6.31546E-02
 -3.50057E+00  6.31900E-02
 -3.49058E+00  6.32256E-02
 -3.48058E+00  6.32612E-02
 -3.47059E+00  6.32969E-02
 -3.46060E+00  6.33327E-02
 -3.45061E+00  6.33686E-02
 -3.44061E+00  6.34046E-02
 -3.43062E+00  6.34407E-02
 -3.42063E+00  6.34768E-02
 -3.41064E+00  6.35130E-02
 -3.40064E+00  6.35494E-02
 -3.39065E+00  6.35858E-02
 -3.38066E+00  6.36223E-02
 -3.37066E+00  6.36588E-02
 -3.36067E+00  6.36955E-02
 -3.35068E+00  6.37323E-02
 -3.34069E+00  6.37691E-02
 -3.33070E+00  6.38061E-02
 -3.32070E+00  6.38431E-02
 -3.31071E+00  6.38802E-02
 -3.30072E+00  6.39174E-02
 -3.29073E+00  6.39548E-02
 -3.28073E+00  6.39922E-02
 -3.27074E+00  6.40296E-02
 -3.26075E+00  6.40672E-02
 -3.25076E+00  6.41049E-02
 -3.24077E+00  6.41427E-02
 -3.23077E+00  6.41806E-02
 -3.22078E+00  6.42185E-02
 -3.21079E+00  6.42566E-02
 -3.20080E+00  6.42947E-02
 -3.19081E+00  6.43330E-02
 -3.18081E+00  6.43713E-02
 -3.17082E+00  6.44098E-02
 -3.16083E+00  6.44483E-02
 -3.15084E+00  6.44870E-02
 -3.14085E+00  6.45257E-02
 -3.13086E+00  6.45646E-02
 -3.12086E+00  6.46035E-02
 -3.11087E+00  6.46426E-02
 -3.10088E+00  6.46817E-02
 -3.09089E+00  6.47210E-02
 -3.08090E+00  6.47603E-02
 -3.07091E+00  6.47998E-02
 -3.06092E+00  6.48393E-02
 -3.05093E+00  6.48790E-02
 -3.04093E+00  6.49188E-02
 -3.03094E+00  6.49586E-02
 -3.02095E+00  6.49986E-02
 -3.01096E+00  6.50387E-02
 -3.00097E+00  6.50789E-02
 -2.99098E+00  6.51192E-02
 -2.98099E+00  6.51596E-02
 -2.97100E+00  6.52001E-02
 -2.96101E+00  6.52407E-02
 -2.95102E+00  6.52815E-02
 -2.94103E+00  6.53223E-02
 -2.93103E+00  6.53633E-02
 -2.92104E+00  6.54043E-02
 -2.91105E+00  6.54455E-02
 -2.90106E+00  6.54868E-02
 -2.89107E+00  6.55282E-02
 -2.88108E+00  6.55698E-02
 -2.87109E+00  6.56114E-02
 -2.86110E+00  6.56531E-02
 -2.85111E+00  6.56950E-02
 -2.84112E+00  6.57370E-02
 -2.83113E+00  6.57791E-02
 -2.82114E+00  6.58213E-02
 -2.81115E+00  6.58637E-02
 -2.80116E+00  6.59061E-02
 -2.79117E+00  6.59487E-02
 -2.78118E+00  6.59914E-02
 -2.77119E+00  6.60342E-02
 -2.76120E+00  6.60772E-02
 -2.75121E+00  6.61203E-02
 -2.74122E+00  6.61635E-02
 -2.73123E+00  6.62068E-02
 -2.72124E+00  6.62502E-02
 -2.71126E+00  6.62938E-02
 -2.70127E+00  6.63375E-02
 -2.69128E+00  6.63813E-02
 -2.68129E+00  6.64253E-02
 -2.67130E+00  6.64693E-02
 -2.66131E+00  6.65136E-02
 -2.65132E+00  6.65579E-02
 -2.64133E+00  6.66024E-02
 -2.63134E+00  6.66470E-02
 -2.62135E+00  6.66917E-02
 -2.61137E+00  6.67366E-02
 -2.60138E+00  6.67816E-02
 -2.59139E+00  6.68268E-02
 -2.58140E+00  6.68720E-02
 -2.57141E+00  6.69175E-02
 -2.56142E+00  6.69630E-02
 -2.55143E+00  6.70087E-02
 -2.54145E+00  6.70545E-02
 -2.53146E+00  6.71005E-02
 -2.52147E+00  6.71466E-02
 -2.51148E+00  6.71929E-02
 -2.50149E+00  6.72393E-02
 -2.49151E+00  6.72859E-02
 -2.48152E+00  6.73326E-02
 -2.47153E+00  6.73794E-02
 -2.46154E+00  6.74264E-02
 -2.45156E+00  6.74735E-02
 -2.44157E+00  6.75208E-02
 -2.43158E+00  6.75682E-02
 -2.42159E+00  6.76158E-02
 -2.41161E+00  6.76636E-02
 -2.40162E+00  6.77115E-02
 -2.39163E+00  6.77595E-02
 -2.38165E+00  6.78077E-02
 -2.37166E+00  6.78561E-02
 -2.36167E+00  6.79046E-02
 -2.35169E+00  6.79533E-02
 -2.34170E+00  6.80021E-02
 -2.33171E+00  6.80511E-02
 -2.32173E+00  6.81002E-02
 -2.31174E+00  6.81496E-02
 -2.30175E+00  6.81990E-02
 -2.29177E+00  6.82487E-02
 -2.28178E+00  6.82985E-02
 -2.27180E+00  6.83485E-02
 -2.26181E+00  6.83986E-02
 -2.25182E+00  6.84489E-02
 -2.24184E+00  6.84994E-02
 -2.23185E+00  6.85501E-02
 -2.22187E+00  6.86009E-02
 -2.21188E+00  6.86519E-02
 -2.20190E+00  6.87031E-02
 -2.19191E+00  6.87545E-02
 -2.18193E+00  6.88060E-02
 -2.17194E+00  6.88577E-02
 -2.16196E+00  6.89096E-02
 -2.15197E+00  6.89617E-02
 -2.14199E+00  6.90140E-02
 -2.13200E+00  6.90664E-02
 -2.12202E+00  6.91190E-02
 -2.11203E+00  6.91719E-02
 -2.10205E+00  6.92249E-02
 -2.09207E+00  6.92781E-02
 -2.08208E+00  6.93314E-02
 -2.07210E+00  6.93850E-02
 -2.06211E+00  6.94388E-02
 -2.05213E+00  6.94928E-02
 -2.04215E+00  6.95470E-02
 -2.03216E+00  6.96013E-02
 -2.02218E+00  6.96559E-02
 -2.01220E+00  6.97107E-02
 -2.00222E+00  6.97656E-02
 -1.99223E+00  6.98208E-02
 -1.98225E+00  6.98762E-02
 -1.97227E+00  6.99318E-02
 -1.96228E+00  6.99876E-02
 -1.95230E+00  7.00436E-02
 -1.94232E+00  7.00999E-02
 -1.93234E+00  7.01563E-02
 -1.92236E+00  7.02130E-02
 -1.91237E+00  7.02698E-02
 -1.90239E+00  7.03269E-02
 -1.89241E+00  7.03843E-02
 -1.88243E+00  7.04418E-02
 -1.87245E+00  7.04996E-02
 -1.86247E+00  7.05576E-02
 -1.85249E+00  7.06158E-02
 -1.84251E+00  7.06743E-02
 -1.83253E+00  7.07329E-02
 -1.82255E+00  7.07919E-02
 -1.81257E+00  7.08510E-02
 -1.80259E+00  7.09104E-02
 -1.79261E+00  7.09701E-02
 -1.78263E+00  7.10300E-02
 -1.77265E+00  7.10901E-02
 -1.76267E+00  7.11505E-02
 -1.75269E+00  7.12111E-02
 -1.74271E+00  7.12720E-02
 -1.73273E+00  7.13331E-02
 -1.72275E+00  7.13945E-02
 -1.71277E+00  7.14561E-02
 -1.70279E+00  7.15180E-02
 -1.69282E+00  7.15802E-02
 -1.68284E+00  7.16426E-02
 -1.67286E+00  7.17054E-02
 -1.66288E+00  7.17683E-02
 -1.65291E+00  7.18316E-02
 -1.64293E+00  7.18951E-02
 -1.63295E+00  7.19589E-02
 -1.62298E+00  7.20230E-02
 -1.61300E+00  7.20873E-02
 -1.60302E+00  7.21520E-02
 -1.59305E+00  7.22169E-02
 -1.58307E+00  7.22821E-02
 -1.57310E+00  7.23476E-02
 -1.56312E+00  7.24134E-02
