 Xvort = [
 -4.50000E+00 -1.65000E-01
 -4.49004E+00 -1.64545E-01
 -4.48007E+00 -1.64089E-01
 -4.47011E+00 -1.63632E-01
 -4.46014E+00 -1.63173E-01
 -4.45018E+00 -1.62714E-01
 -4.44021E+00 -1.62253E-01
 -4.43025E+00 -1.61792E-01
 -4.42028E+00 -1.61329E-01
 -4.41032E+00 -1.60865E-01
 -4.40036E+00 -1.60401E-01
 -4.39039E+00 -1.59935E-01
 -4.38043E+00 -1.59468E-01
 -4.37047E+00 -1.58999E-01
 -4.36050E+00 -1.58530E-01
 -4.35054E+00 -1.58060E-01
 -4.34058E+00 -1.57588E-01
 -4.33061E+00 -1.57115E-01
 -4.32065E+00 -1.56642E-01
 -4.31069E+00 -1.56167E-01
 -4.30073E+00 -1.55691E-01
 -4.29076E+00 -1.55213E-01
 -4.28080E+00 -1.54735E-01
 -4.27084E+00 -1.54255E-01
 -4.26088E+00 -1.53774E-01
 -4.25092E+00 -1.53292E-01
 -4.24095E+00 -1.52809E-01
 -4.23099E+00 -1.52325E-01
 -4.22103E+00 -1.51839E-01
 -4.21107E+00 -1.51352E-01
 -4.20111E+00 -1.50864E-01
 -4.19115E+00 -1.50375E-01
 -4.18119E+00 -1.49884E-01
 -4.17123E+00 -1.49393E-01
 -4.16127E+00 -1.48900E-01
 -4.15131E+00 -1.48406E-01
 -4.14135E+00 -1.47910E-01
 -4.13139E+00 -1.47413E-01
 -4.12143E+00 -1.46915E-01
 -4.11147E+00 -1.46416E-01
 -4.10151E+00 -1.45916E-01
 -4.09155E+00 -1.45414E-01
 -4.08159E+00 -1.44911E-01
 -4.07163E+00 -1.44406E-01
 -4.06167E+00 -1.43901E-01
 -4.05171E+00 -1.43394E-01
 -4.04175E+00 -1.42885E-01
 -4.03179E+00 -1.42376E-01
 -4.02183E+00 -1.41865E-01
 -4.01187E+00 -1.41352E-01
 -4.00192E+00 -1.40839E-01
 -3.99196E+00 -1.40324E-01
 -3.98200E+00 -1.39807E-01
 -3.97204E+00 -1.39290E-01
 -3.96208E+00 -1.38771E-01
 -3.95213E+00 -1.38250E-01
 -3.94217E+00 -1.37728E-01
 -3.93221E+00 -1.37205E-01
 -3.92226E+00 -1.36680E-01
 -3.91230E+00 -1.36154E-01
 -3.90234E+00 -1.35627E-01
 -3.89239E+00 -1.35098E-01
 -3.88243E+00 -1.34567E-01
 -3.87247E+00 -1.34035E-01
 -3.86252E+00 -1.33502E-01
 -3.85256E+00 -1.32967E-01
 -3.84261E+00 -1.32431E-01
 -3.83265E+00 -1.31894E-01
 -3.82269E+00 -1.31354E-01
 -3.81274E+00 -1.30814E-01
 -3.80278E+00 -1.30272E-01
 -3.79283E+00 -1.29728E-01
 -3.78287E+00 -1.29183E-01
 -3.77292E+00 -1.28636E-01
 -3.76297E+00 -1.28088E-01
 -3.75301E+00 -1.27538E-01
 -3.74306E+00 -1.26987E-01
 -3.73310E+00 -1.26434E-01
 -3.72315E+00 -1.25880E-01
 -3.71320E+00 -1.25324E-01
 -3.70324E+00 -1.24766E-01
 -3.69329E+00 -1.24207E-01
 -3.68334E+00 -1.23646E-01
 -3.67338E+00 -1.23084E-01
 -3.66343E+00 -1.22520E-01
 -3.65348E+00 -1.21954E-01
 -3.64353E+00 -1.21387E-01
 -3.63358E+00 -1.20818E-01
 -3.62362E+00 -1.20247E-01
 -3.61367E+00 -1.19675E-01
 -3.60372E+00 -1.19101E-01
 -3.59377E+00 -1.18525E-01
 -3.58382E+00 -1.17948E-01
 -3.57387E+00 -1.17369E-01
 -3.56392E+00 -1.16788E-01
 -3.55397E+00 -1.16205E-01
 -3.54402E+00 -1.15621E-01
 -3.53407E+00 -1.15035E-01
 -3.52412E+00 -1.14447E-01
 -3.51417E+00 -1.13858E-01
 -3.50422E+00 -1.13266E-01
 -3.49427E+00 -1.12673E-01
 -3.48432E+00 -1.12078E-01
 -3.47437E+00 -1.11481E-01
 -3.46442E+00 -1.10883E-01
 -3.45447E+00 -1.10282E-01
 -3.44452E+00 -1.09680E-01
 -3.43458E+00 -1.09076E-01
 -3.42463E+00 -1.08470E-01
 -3.41468E+00 -1.07862E-01
 -3.40473E+00 -1.07252E-01
 -3.39479E+00 -1.06641E-01
 -3.38484E+00 -1.06027E-01
 -3.37489E+00 -1.05411E-01
 -3.36495E+00 -1.04794E-01
 -3.35500E+00 -1.04174E-01
 -3.34505E+00 -1.03553E-01
 -3.33511E+00 -1.02930E-01
 -3.32516E+00 -1.02304E-01
 -3.31522E+00 -1.01677E-01
 -3.30527E+00 -1.01047E-01
 -3.29533E+00 -1.00416E-01
 -3.28538E+00 -9.97824E-02
 -3.27544E+00 -9.91468E-02
 -3.26549E+00 -9.85091E-02
 -3.25555E+00 -9.78694E-02
 -3.24561E+00 -9.72275E-02
 -3.23566E+00 -9.65836E-02
 -3.22572E+00 -9.59375E-02
 -3.21578E+00 -9.52892E-02
 -3.20583E+00 -9.46388E-02
 -3.19589E+00 -9.39863E-02
 -3.18595E+00 -9.33315E-02
 -3.17601E+00 -9.26745E-02
 -3.16606E+00 -9.20154E-02
 -3.15612E+00 -9.13539E-02
 -3.14618E+00 -9.06903E-02
 -3.13624E+00 -9.00243E-02
 -3.12630E+00 -8.93561E-02
 -3.11636E+00 -8.86856E-02
 -3.10642E+00 -8.80128E-02
 -3.09648E+00 -8.73377E-02
 -3.08654E+00 -8.66602E-02
 -3.07660E+00 -8.59804E-02
 -3.06666E+00 -8.52981E-02
 -3.05672E+00 -8.46135E-02
 -3.04678E+00 -8.39265E-02
 -3.03685E+00 -8.32371E-02
 -3.02691E+00 -8.25452E-02
 -3.01697E+00 -8.18508E-02
 -3.00703E+00 -8.11540E-02
 -2.99710E+00 -8.04546E-02
 -2.98716E+00 -7.97528E-02
 -2.97722E+00 -7.90484E-02
 -2.96729E+00 -7.83415E-02
 -2.95735E+00 -7.76320E-02
 -2.94741E+00 -7.69199E-02
 -2.93748E+00 -7.62052E-02
 -2.92754E+00 -7.54879E-02
 -2.91761E+00 -7.47679E-02
 -2.90767E+00 -7.40452E-02
 -2.89774E+00 -7.33199E-02
 -2.88780E+00 -7.25919E-02
 -2.87787E+00 -7.18611E-02
 -2.86794E+00 -7.11276E-02
 -2.85800E+00 -7.03913E-02
 -2.84807E+00 -6.96522E-02
 -2.83814E+00 -6.89103E-02
 -2.82821E+00 -6.81656E-02
 -2.81828E+00 -6.74180E-02
 -2.80834E+00 -6.66676E-02
 -2.79841E+00 -6.59142E-02
 -2.78848E+00 -6.51579E-02
 -2.77855E+00 -6.43987E-02
 -2.76862E+00 -6.36365E-02
 -2.75869E+00 -6.28713E-02
 -2.74876E+00 -6.21031E-02
 -2.73883E+00 -6.13319E-02
 -2.72890E+00 -6.05576E-02
 -2.71897E+00 -5.97802E-02
 -2.70905E+00 -5.89997E-02
 -2.69912E+00 -5.82160E-02
 -2.68919E+00 -5.74292E-02
 -2.67926E+00 -5.66392E-02
 -2.66934E+00 -5.58460E-02
 -2.65941E+00 -5.50495E-02
 -2.64948E+00 -5.42498E-02
 -2.63956E+00 -5.34468E-02
 -2.62963E+00 -5.26404E-02
 -2.61971E+00 -5.18307E-02
 -2.60978E+00 -5.10176E-02
 -2.59986E+00 -5.02011E-02
 -2.58993E+00 -4.93811E-02
 -2.58001E+00 -4.85577E-02
 -2.57009E+00 -4.77308E-02
 -2.56016E+00 -4.69004E-02
 -2.55024E+00 -4.60664E-02
 -2.54032E+00 -4.52288E-02
 -2.53040E+00 -4.43876E-02
 -2.52048E+00 -4.35428E-02
 -2.51056E+00 -4.26942E-02
 -2.50064E+00 -4.18420E-02
 -2.49072E+00 -4.09860E-02
 -2.48080E+00 -4.01262E-02
 -2.47088E+00 -3.92626E-02
 -2.46096E+00 -3.83951E-02
 -2.45104E+00 -3.75237E-02
 -2.44112E+00 -3.66485E-02
 -2.43120E+00 -3.57692E-02
 -2.42129E+00 -3.48860E-02
 -2.41137E+00 -3.39988E-02
 -2.40145E+00 -3.31074E-02
 -2.39154E+00 -3.22120E-02
 -2.38162E+00 -3.13124E-02
 -2.37171E+00 -3.04087E-02
 -2.36179E+00 -2.95007E-02
 -2.35188E+00 -2.85885E-02
 -2.34196E+00 -2.76719E-02
 -2.33205E+00 -2.67510E-02
 -2.32214E+00 -2.58257E-02
 -2.31222E+00 -2.48960E-02
 -2.30231E+00 -2.39618E-02
 -2.29240E+00 -2.30231E-02
 -2.28249E+00 -2.20799E-02
 -2.27258E+00 -2.11320E-02
 -2.26267E+00 -2.01795E-02
 -2.25276E+00 -1.92223E-02
 -2.24285E+00 -1.82603E-02
 -2.23294E+00 -1.72935E-02
 -2.22303E+00 -1.63219E-02
 -2.21312E+00 -1.53455E-02
 -2.20321E+00 -1.43640E-02
 -2.19331E+00 -1.33776E-02
 -2.18340E+00 -1.23861E-02
 -2.17349E+00 -1.13896E-02
 -2.16359E+00 -1.03879E-02
 -2.15368E+00 -9.38095E-03
 -2.14378E+00 -8.36877E-03
 -2.13387E+00 -7.35128E-03
 -2.12397E+00 -6.32841E-03
 -2.11407E+00 -5.30012E-03
 -2.10416E+00 -4.26634E-03
 -2.09426E+00 -3.22701E-03
 -2.08436E+00 -2.18207E-03
 -2.07446E+00 -1.13146E-03
 -2.06456E+00 -7.51181E-05
 -2.05466E+00  9.87022E-04
 -2.04476E+00  2.05503E-03
 -2.03486E+00  3.12896E-03
 -2.02496E+00  4.20888E-03
 -2.01506E+00  5.29487E-03
 -2.00516E+00  6.38700E-03
 -1.99526E+00  7.48532E-03
 -1.98537E+00  8.58993E-03
 -1.97547E+00  9.70088E-03
 -1.96558E+00  1.08183E-02
 -1.95568E+00  1.19421E-02
 -1.94579E+00  1.30726E-02
 -1.93589E+00  1.42097E-02
 -1.92600E+00  1.53535E-02
 -1.91610E+00  1.65042E-02
 -1.90621E+00  1.76618E-02
 -1.89632E+00  1.88263E-02
 -1.88643E+00  1.99980E-02
 -1.87654E+00  2.11767E-02
 -1.86665E+00  2.23628E-02
 -1.85676E+00  2.35561E-02
 -1.84687E+00  2.47569E-02
 -1.83698E+00  2.59653E-02
 -1.82709E+00  2.71812E-02
 -1.81720E+00  2.84049E-02
 -1.80731E+00  2.96364E-02
 -1.79743E+00  3.08759E-02
 -1.78754E+00  3.21233E-02
 -1.77766E+00  3.33789E-02
 -1.76777E+00  3.46428E-02
 -1.75789E+00  3.59150E-02
 -1.74800E+00  3.71957E-02
 -1.73812E+00  3.84849E-02
 -1.72823E+00  3.97829E-02
 -1.71835E+00  4.10897E-02
 -1.70847E+00  4.24055E-02
 -1.69859E+00  4.37303E-02
 -1.68871E+00  4.50643E-02
 -1.67882E+00  4.64077E-02
 -1.66894E+00  4.77605E-02
 -1.65906E+00  4.91230E-02
 -1.64918E+00  5.04952E-02
 -1.63931E+00  5.18773E-02
 -1.62943E+00  5.32694E-02
 -1.61955E+00  5.46717E-02
 -1.60967E+00  5.60844E-02
 -1.59979E+00  5.75075E-02
 -1.58992E+00  5.89413E-02
 -1.58004E+00  6.03860E-02
