 Xvort = [
 -4.50000E+00  6.00000E-02
 -4.49001E+00  6.00280E-02
 -4.48001E+00  6.00560E-02
 -4.47002E+00  6.00841E-02
 -4.46003E+00  6.01122E-02
 -4.45004E+00  6.01405E-02
 -4.44004E+00  6.01688E-02
 -4.43005E+00  6.01972E-02
 -4.42006E+00  6.02256E-02
 -4.41007E+00  6.02542E-02
 -4.40008E+00  6.02828E-02
 -4.39008E+00  6.03115E-02
 -4.38009E+00  6.03402E-02
 -4.37010E+00  6.03691E-02
 -4.36011E+00  6.03980E-02
 -4.35011E+00  6.04270E-02
 -4.34012E+00  6.04560E-02
 -4.33013E+00  6.04852E-02
 -4.32014E+00  6.05144E-02
 -4.31015E+00  6.05438E-02
 -4.30015E+00  6.05732E-02
 -4.29016E+00  6.06026E-02
 -4.28017E+00  6.06322E-02
 -4.27018E+00  6.06618E-02
 -4.26019E+00  6.06916E-02
 -4.25020E+00  6.07214E-02
 -4.24020E+00  6.07513E-02
 -4.23021E+00  6.07813E-02
 -4.22022E+00  6.08114E-02
 -4.21023E+00  6.08415E-02
 -4.20024E+00  6.08718E-02
 -4.19025E+00  6.09021E-02
 -4.18025E+00  6.09326E-02
 -4.17026E+00  6.09631E-02
 -4.16027E+00  6.09937E-02
 -4.15028E+00  6.10244E-02
 -4.14029E+00  6.10552E-02
 -4.13030E+00  6.10860E-02
 -4.12031E+00  6.11170E-02
 -4.11032E+00  6.11481E-02
 -4.10032E+00  6.11792E-02
 -4.09033E+00  6.12105E-02
 -4.08034E+00  6.12419E-02
 -4.07035E+00  6.12733E-02
 -4.06036E+00  6.13048E-02
 -4.05037E+00  6.13365E-02
 -4.04038E+00  6.13682E-02
 -4.03039E+00  6.14000E-02
 -4.02040E+00  6.14320E-02
 -4.01041E+00  6.14640E-02
 -4.00042E+00  6.14961E-02
 -3.99042E+00  6.15284E-02
 -3.98043E+00  6.15607E-02
 -3.97044E+00  6.15931E-02
 -3.96045E+00  6.16257E-02
 -3.95046E+00  6.16583E-02
 -3.94047E+00  6.16911E-02
 -3.93048E+00  6.17239E-02
 -3.92049E+00  6.17569E-02
 -3.91050E+00  6.17899E-02
 -3.90051E+00  6.18231E-02
 -3.89052E+00  6.18563E-02
 -3.88053E+00  6.18897E-02
 -3.87054E+00  6.19232E-02
 -3.86055E+00  6.19568E-02
 -3.85056E+00  6.19905E-02
 -3.84057E+00  6.20243E-02
 -3.83058E+00  6.20583E-02
 -3.82059E+00  6.20923E-02
 -3.81060E+00  6.21264E-02
 -3.80061E+00  6.21607E-02
 -3.79062E+00  6.21951E-02
 -3.78063E+00  6.22296E-02
 -3.77064E+00  6.22642E-02
 -3.76066E+00  6.22989E-02
 -3.75067E+00  6.23338E-02
 -3.74068E+00  6.23687E-02
 -3.73069E+00  6.24038E-02
 -3.72070E+00  6.24390E-02
 -3.71071E+00  6.24743E-02
 -3.70072E+00  6.25097E-02
 -3.69073E+00  6.25453E-02
 -3.68074E+00  6.25810E-02
 -3.67075E+00  6.26168E-02
 -3.66076E+00  6.26527E-02
 -3.65078E+00  6.26888E-02
 -3.64079E+00  6.27250E-02
 -3.63080E+00  6.27613E-02
 -3.62081E+00  6.27977E-02
 -3.61082E+00  6.28343E-02
 -3.60083E+00  6.28710E-02
 -3.59084E+00  6.29078E-02
 -3.58086E+00  6.29447E-02
 -3.57087E+00  6.29818E-02
 -3.56088E+00  6.30190E-02
 -3.55089E+00  6.30564E-02
 -3.54090E+00  6.30938E-02
 -3.53092E+00  6.31315E-02
 -3.52093E+00  6.31692E-02
 -3.51094E+00  6.32071E-02
 -3.50095E+00  6.32451E-02
 -3.49097E+00  6.32833E-02
 -3.48098E+00  6.33216E-02
 -3.47099E+00  6.33600E-02
 -3.46100E+00  6.33986E-02
 -3.45102E+00  6.34374E-02
 -3.44103E+00  6.34762E-02
 -3.43104E+00  6.35153E-02
 -3.42105E+00  6.35544E-02
 -3.41107E+00  6.35937E-02
 -3.40108E+00  6.36332E-02
 -3.39109E+00  6.36728E-02
 -3.38111E+00  6.37125E-02
 -3.37112E+00  6.37524E-02
 -3.36113E+00  6.37925E-02
 -3.35115E+00  6.38327E-02
 -3.34116E+00  6.38731E-02
 -3.33117E+00  6.39136E-02
 -3.32119E+00  6.39542E-02
 -3.31120E+00  6.39951E-02
 -3.30121E+00  6.40360E-02
 -3.29123E+00  6.40772E-02
 -3.28124E+00  6.41185E-02
 -3.27126E+00  6.41600E-02
 -3.26127E+00  6.42016E-02
 -3.25129E+00  6.42434E-02
 -3.24130E+00  6.42853E-02
 -3.23131E+00  6.43274E-02
 -3.22133E+00  6.43697E-02
 -3.21134E+00  6.44122E-02
 -3.20136E+00  6.44548E-02
 -3.19137E+00  6.44976E-02
 -3.18139E+00  6.45406E-02
 -3.17140E+00  6.45837E-02
 -3.16142E+00  6.46270E-02
 -3.15143E+00  6.46705E-02
 -3.14145E+00  6.47142E-02
 -3.13146E+00  6.47580E-02
 -3.12148E+00  6.48020E-02
 -3.11150E+00  6.48462E-02
 -3.10151E+00  6.48906E-02
 -3.09153E+00  6.49352E-02
 -3.08154E+00  6.49799E-02
 -3.07156E+00  6.50249E-02
 -3.06158E+00  6.50700E-02
 -3.05159E+00  6.51153E-02
 -3.04161E+00  6.51608E-02
 -3.03162E+00  6.52065E-02
 -3.02164E+00  6.52524E-02
 -3.01166E+00  6.52984E-02
 -3.00167E+00  6.53447E-02
 -2.99169E+00  6.53912E-02
 -2.98171E+00  6.54379E-02
 -2.97173E+00  6.54847E-02
 -2.96174E+00  6.55318E-02
 -2.95176E+00  6.55791E-02
 -2.94178E+00  6.56266E-02
 -2.93180E+00  6.56742E-02
 -2.92181E+00  6.57221E-02
 -2.91183E+00  6.57702E-02
 -2.90185E+00  6.58186E-02
 -2.89187E+00  6.58671E-02
 -2.88189E+00  6.59158E-02
 -2.87190E+00  6.59648E-02
 -2.86192E+00  6.60140E-02
 -2.85194E+00  6.60634E-02
 -2.84196E+00  6.61130E-02
 -2.83198E+00  6.61628E-02
 -2.82200E+00  6.62129E-02
 -2.81202E+00  6.62632E-02
 -2.80204E+00  6.63137E-02
 -2.79206E+00  6.63644E-02
 -2.78208E+00  6.64154E-02
 -2.77210E+00  6.64666E-02
 -2.76212E+00  6.65181E-02
 -2.75214E+00  6.65698E-02
 -2.74216E+00  6.66217E-02
 -2.73218E+00  6.66739E-02
 -2.72220E+00  6.67263E-02
 -2.71222E+00  6.67789E-02
 -2.70224E+00  6.68318E-02
 -2.69226E+00  6.68850E-02
 -2.68228E+00  6.69384E-02
 -2.67230E+00  6.69921E-02
 -2.66233E+00  6.70460E-02
 -2.65235E+00  6.71002E-02
 -2.64237E+00  6.71546E-02
 -2.63239E+00  6.72093E-02
 -2.62241E+00  6.72643E-02
 -2.61244E+00  6.73195E-02
 -2.60246E+00  6.73750E-02
 -2.59248E+00  6.74308E-02
 -2.58251E+00  6.74868E-02
 -2.57253E+00  6.75432E-02
 -2.56255E+00  6.75998E-02
 -2.55258E+00  6.76566E-02
 -2.54260E+00  6.77138E-02
 -2.53262E+00  6.77713E-02
 -2.52265E+00  6.78290E-02
 -2.51267E+00  6.78870E-02
 -2.50270E+00  6.79454E-02
 -2.49272E+00  6.80040E-02
 -2.48275E+00  6.80629E-02
 -2.47277E+00  6.81221E-02
 -2.46280E+00  6.81817E-02
 -2.45282E+00  6.82415E-02
 -2.44285E+00  6.83017E-02
 -2.43287E+00  6.83621E-02
 -2.42290E+00  6.84229E-02
 -2.41293E+00  6.84840E-02
 -2.40295E+00  6.85454E-02
 -2.39298E+00  6.86072E-02
 -2.38301E+00  6.86693E-02
 -2.37304E+00  6.87317E-02
 -2.36306E+00  6.87944E-02
 -2.35309E+00  6.88575E-02
 -2.34312E+00  6.89209E-02
 -2.33315E+00  6.89847E-02
 -2.32318E+00  6.90488E-02
 -2.31321E+00  6.91133E-02
 -2.30324E+00  6.91781E-02
 -2.29327E+00  6.92432E-02
 -2.28329E+00  6.93088E-02
 -2.27332E+00  6.93747E-02
 -2.26336E+00  6.94410E-02
 -2.25339E+00  6.95076E-02
 -2.24342E+00  6.95746E-02
 -2.23345E+00  6.96420E-02
 -2.22348E+00  6.97098E-02
 -2.21351E+00  6.97780E-02
 -2.20354E+00  6.98466E-02
 -2.19358E+00  6.99155E-02
 -2.18361E+00  6.99849E-02
 -2.17364E+00  7.00546E-02
 -2.16368E+00  7.01248E-02
 -2.15371E+00  7.01954E-02
 -2.14374E+00  7.02664E-02
 -2.13378E+00  7.03378E-02
 -2.12381E+00  7.04097E-02
 -2.11385E+00  7.04820E-02
 -2.10388E+00  7.05547E-02
 -2.09392E+00  7.06278E-02
 -2.08396E+00  7.07014E-02
 -2.07399E+00  7.07755E-02
 -2.06403E+00  7.08500E-02
 -2.05407E+00  7.09250E-02
 -2.04410E+00  7.10004E-02
 -2.03414E+00  7.10763E-02
 -2.02418E+00  7.11527E-02
 -2.01422E+00  7.12295E-02
 -2.00426E+00  7.13069E-02
 -1.99430E+00  7.13847E-02
 -1.98434E+00  7.14631E-02
 -1.97438E+00  7.15419E-02
 -1.96442E+00  7.16213E-02
 -1.95446E+00  7.17011E-02
 -1.94450E+00  7.17815E-02
 -1.93455E+00  7.18624E-02
 -1.92459E+00  7.19439E-02
 -1.91463E+00  7.20259E-02
 -1.90468E+00  7.21084E-02
 -1.89472E+00  7.21915E-02
 -1.88477E+00  7.22752E-02
 -1.87481E+00  7.23594E-02
 -1.86486E+00  7.24442E-02
 -1.85490E+00  7.25296E-02
 -1.84495E+00  7.26156E-02
 -1.83500E+00  7.27022E-02
 -1.82505E+00  7.27894E-02
 -1.81509E+00  7.28772E-02
 -1.80514E+00  7.29656E-02
 -1.79519E+00  7.30546E-02
 -1.78524E+00  7.31443E-02
 -1.77530E+00  7.32347E-02
 -1.76535E+00  7.33257E-02
 -1.75540E+00  7.34173E-02
 -1.74545E+00  7.35096E-02
 -1.73551E+00  7.36027E-02
 -1.72556E+00  7.36964E-02
 -1.71562E+00  7.37908E-02
 -1.70567E+00  7.38859E-02
 -1.69573E+00  7.39817E-02
 -1.68579E+00  7.40783E-02
 -1.67584E+00  7.41756E-02
 -1.66590E+00  7.42737E-02
 -1.65596E+00  7.43726E-02
 -1.64602E+00  7.44722E-02
 -1.63608E+00  7.45726E-02
 -1.62614E+00  7.46738E-02
 -1.61621E+00  7.47758E-02
 -1.60627E+00  7.48787E-02
 -1.59634E+00  7.49824E-02
 -1.58640E+00  7.50869E-02
 -1.57647E+00  7.51923E-02
 -1.56654E+00  7.52986E-02
