 Xvort = [
 -4.50000E+00  6.00000E-02
 -4.48335E+00  6.00001E-02
 -4.46669E+00  6.00002E-02
 -4.45004E+00  6.00003E-02
 -4.43338E+00  6.00004E-02
 -4.41673E+00  6.00005E-02
 -4.40008E+00  6.00005E-02
 -4.38342E+00  6.00006E-02
 -4.36677E+00  6.00007E-02
 -4.35012E+00  6.00008E-02
 -4.33346E+00  6.00009E-02
 -4.31681E+00  6.00010E-02
 -4.30016E+00  6.00011E-02
 -4.28351E+00  6.00012E-02
 -4.26685E+00  6.00013E-02
 -4.25020E+00  6.00014E-02
 -4.23355E+00  6.00015E-02
 -4.21690E+00  6.00016E-02
 -4.20024E+00  6.00017E-02
 -4.18359E+00  6.00018E-02
 -4.16694E+00  6.00019E-02
 -4.15029E+00  6.00020E-02
 -4.13364E+00  6.00022E-02
 -4.11699E+00  6.00023E-02
 -4.10033E+00  6.00024E-02
 -4.08368E+00  6.00025E-02
 -4.06703E+00  6.00026E-02
 -4.05038E+00  6.00027E-02
 -4.03373E+00  6.00028E-02
 -4.01708E+00  6.00029E-02
 -4.00043E+00  6.00030E-02
 -3.98378E+00  6.00032E-02
 -3.96713E+00  6.00033E-02
 -3.95048E+00  6.00034E-02
 -3.93383E+00  6.00035E-02
 -3.91718E+00  6.00036E-02
 -3.90053E+00  6.00038E-02
 -3.88388E+00  6.00039E-02
 -3.86723E+00  6.00040E-02
 -3.85058E+00  6.00041E-02
 -3.83393E+00  6.00043E-02
 -3.81728E+00  6.00044E-02
 -3.80063E+00  6.00045E-02
 -3.78398E+00  6.00047E-02
 -3.76734E+00  6.00048E-02
 -3.75069E+00  6.00049E-02
 -3.73404E+00  6.00051E-02
 -3.71739E+00  6.00052E-02
 -3.70074E+00  6.00053E-02
 -3.68410E+00  6.00055E-02
 -3.66745E+00  6.00056E-02
 -3.65080E+00  6.00058E-02
 -3.63415E+00  6.00059E-02
 -3.61751E+00  6.00061E-02
 -3.60086E+00  6.00062E-02
 -3.58421E+00  6.00064E-02
 -3.56757E+00  6.00065E-02
 -3.55092E+00  6.00067E-02
 -3.53428E+00  6.00068E-02
 -3.51763E+00  6.00070E-02
 -3.50098E+00  6.00072E-02
 -3.48434E+00  6.00073E-02
 -3.46769E+00  6.00075E-02
 -3.45105E+00  6.00077E-02
 -3.43440E+00  6.00078E-02
 -3.41776E+00  6.00080E-02
 -3.40112E+00  6.00082E-02
 -3.38447E+00  6.00084E-02
 -3.36783E+00  6.00086E-02
 -3.35118E+00  6.00088E-02
 -3.33454E+00  6.00090E-02
 -3.31790E+00  6.00091E-02
 -3.30126E+00  6.00093E-02
 -3.28461E+00  6.00095E-02
 -3.26797E+00  6.00098E-02
 -3.25133E+00  6.00100E-02
 -3.23469E+00  6.00102E-02
 -3.21805E+00  6.00104E-02
 -3.20140E+00  6.00106E-02
 -3.18476E+00  6.00108E-02
 -3.16812E+00  6.00111E-02
 -3.15148E+00  6.00113E-02
 -3.13484E+00  6.00115E-02
 -3.11820E+00  6.00118E-02
 -3.10156E+00  6.00120E-02
 -3.08492E+00  6.00123E-02
 -3.06829E+00  6.00125E-02
 -3.05165E+00  6.00128E-02
 -3.03501E+00  6.00131E-02
 -3.01837E+00  6.00134E-02
 -3.00173E+00  6.00136E-02
 -2.98510E+00  6.00139E-02
 -2.96846E+00  6.00142E-02
 -2.95182E+00  6.00145E-02
 -2.93519E+00  6.00148E-02
 -2.91855E+00  6.00152E-02
 -2.90192E+00  6.00155E-02
 -2.88528E+00  6.00158E-02
 -2.86865E+00  6.00161E-02
 -2.85201E+00  6.00165E-02
 -2.83538E+00  6.00169E-02
 -2.81874E+00  6.00172E-02
 -2.80211E+00  6.00176E-02
 -2.78548E+00  6.00180E-02
 -2.76885E+00  6.00184E-02
 -2.75221E+00  6.00188E-02
 -2.73558E+00  6.00192E-02
 -2.71895E+00  6.00196E-02
 -2.70232E+00  6.00201E-02
 -2.68569E+00  6.00205E-02
 -2.66906E+00  6.00210E-02
 -2.65243E+00  6.00214E-02
 -2.63581E+00  6.00219E-02
 -2.61918E+00  6.00224E-02
 -2.60255E+00  6.00229E-02
 -2.58592E+00  6.00235E-02
 -2.56930E+00  6.00240E-02
 -2.55267E+00  6.00246E-02
 -2.53605E+00  6.00252E-02
 -2.51942E+00  6.00258E-02
 -2.50280E+00  6.00264E-02
 -2.48617E+00  6.00270E-02
 -2.46955E+00  6.00277E-02
 -2.45293E+00  6.00283E-02
 -2.43631E+00  6.00290E-02
 -2.41969E+00  6.00297E-02
 -2.40307E+00  6.00305E-02
 -2.38645E+00  6.00312E-02
 -2.36983E+00  6.00320E-02
 -2.35321E+00  6.00328E-02
 -2.33659E+00  6.00337E-02
 -2.31998E+00  6.00345E-02
 -2.30336E+00  6.00354E-02
 -2.28675E+00  6.00363E-02
 -2.27013E+00  6.00373E-02
 -2.25352E+00  6.00383E-02
 -2.23691E+00  6.00393E-02
 -2.22029E+00  6.00403E-02
 -2.20368E+00  6.00414E-02
 -2.18707E+00  6.00425E-02
 -2.17046E+00  6.00437E-02
 -2.15386E+00  6.00449E-02
 -2.13725E+00  6.00461E-02
 -2.12064E+00  6.00474E-02
 -2.10404E+00  6.00488E-02
 -2.08744E+00  6.00501E-02
 -2.07083E+00  6.00516E-02
 -2.05423E+00  6.00531E-02
 -2.03763E+00  6.00546E-02
 -2.02103E+00  6.00562E-02
 -2.00443E+00  6.00579E-02
 -1.98784E+00  6.00596E-02
 -1.97124E+00  6.00614E-02
 -1.95465E+00  6.00632E-02
 -1.93805E+00  6.00652E-02
 -1.92146E+00  6.00672E-02
 -1.90487E+00  6.00693E-02
 -1.88828E+00  6.00714E-02
 -1.87170E+00  6.00737E-02
 -1.85511E+00  6.00760E-02
 -1.83853E+00  6.00785E-02
 -1.82194E+00  6.00810E-02
 -1.80536E+00  6.00836E-02
 -1.78878E+00  6.00864E-02
 -1.77221E+00  6.00893E-02
 -1.75563E+00  6.00923E-02
 -1.73906E+00  6.00954E-02
 -1.72249E+00  6.00986E-02
 -1.70592E+00  6.01020E-02
 -1.68935E+00  6.01056E-02
 -1.67279E+00  6.01093E-02
 -1.65622E+00  6.01131E-02
 -1.63966E+00  6.01172E-02
 -1.62311E+00  6.01214E-02
 -1.60655E+00  6.01258E-02
 -1.59000E+00  6.01304E-02
 -1.57345E+00  6.01352E-02
 -1.55690E+00  6.01403E-02
 -1.54036E+00  6.01456E-02
 -1.52382E+00  6.01512E-02
 -1.50728E+00  6.01570E-02
 -1.49074E+00  6.01631E-02
 -1.47421E+00  6.01696E-02
 -1.45768E+00  6.01763E-02
 -1.44116E+00  6.01834E-02
 -1.42464E+00  6.01909E-02
 -1.40812E+00  6.01987E-02
 -1.39161E+00  6.02070E-02
 -1.37510E+00  6.02157E-02
 -1.35860E+00  6.02249E-02
 -1.34210E+00  6.02345E-02
 -1.32560E+00  6.02448E-02
 -1.30912E+00  6.02556E-02
 -1.29263E+00  6.02670E-02
 -1.27615E+00  6.02790E-02
 -1.25968E+00  6.02918E-02
 -1.24321E+00  6.03054E-02
 -1.22675E+00  6.03197E-02
 -1.21030E+00  6.03350E-02
 -1.19386E+00  6.03512E-02
 -1.17742E+00  6.03684E-02
 -1.16099E+00  6.03867E-02
 -1.14456E+00  6.04063E-02
 -1.12815E+00  6.04271E-02
 -1.11174E+00  6.04494E-02
 -1.09535E+00  6.04732E-02
 -1.07897E+00  6.04987E-02
 -1.06259E+00  6.05260E-02
 -1.04623E+00  6.05554E-02
 -1.02988E+00  6.05869E-02
 -1.01354E+00  6.06209E-02
 -9.97219E-01  6.06575E-02
 -9.80911E-01  6.06971E-02
 -9.64618E-01  6.07399E-02
 -9.48343E-01  6.07863E-02
 -9.32085E-01  6.08368E-02
 -9.15847E-01  6.08917E-02
 -8.99630E-01  6.09516E-02
 -8.83436E-01  6.10172E-02
 -8.67265E-01  6.10891E-02
 -8.51121E-01  6.11682E-02
 -8.35005E-01  6.12554E-02
 -8.18921E-01  6.13519E-02
 -8.02869E-01  6.14591E-02
 -7.86855E-01  6.15785E-02
 -7.70880E-01  6.17121E-02
 -7.54950E-01  6.18622E-02
 -7.39068E-01  6.20317E-02
 -7.23239E-01  6.22239E-02
 -7.07470E-01  6.24433E-02
 -6.91765E-01  6.26952E-02
 -6.76133E-01  6.29862E-02
 -6.60580E-01  6.33249E-02
 -6.45117E-01  6.37222E-02
 -6.29752E-01  6.41923E-02
 -6.14494E-01  6.47534E-02
 -5.99353E-01  6.54295E-02
 -5.84336E-01  6.62523E-02
 -5.69443E-01  6.72622E-02
 -5.54663E-01  6.85107E-02
 -5.39966E-01  7.00579E-02
 -5.25288E-01  7.19652E-02
 -5.10522E-01  7.42746E-02
 -4.95523E-01  7.69768E-02
 -4.80149E-01  7.99860E-02
 -4.64310E-01  8.31534E-02
 -4.47995E-01  8.63188E-02
 -4.31254E-01  8.93570E-02
 -4.14161E-01  9.21909E-02
 -3.96792E-01  9.47822E-02
 -3.79210E-01  9.71176E-02
 -3.61470E-01  9.91984E-02
 -3.43611E-01  1.01033E-01
 -3.25667E-01  1.02635E-01
 -3.07664E-01  1.04017E-01
 -2.89622E-01  1.05194E-01
 -2.71557E-01  1.06179E-01
 -2.53482E-01  1.06985E-01
 -2.35408E-01  1.07625E-01
 -2.17343E-01  1.08109E-01
 -1.99294E-01  1.08450E-01
 -1.81268E-01  1.08655E-01
 -1.63268E-01  1.08735E-01
 -1.45299E-01  1.08698E-01
 -1.27363E-01  1.08551E-01
 -1.09464E-01  1.08302E-01
 -9.16042E-02  1.07957E-01
 -7.37845E-02  1.07523E-01
 -5.60068E-02  1.07005E-01
 -3.82725E-02  1.06408E-01
 -2.05825E-02  1.05737E-01
 -2.93774E-03  1.04998E-01
  1.46610E-02  1.04193E-01
  3.22129E-02  1.03327E-01
  4.97175E-02  1.02404E-01
  6.71741E-02  1.01427E-01
  8.45822E-02  1.00398E-01
  1.01941E-01  9.93218E-02
  1.19250E-01  9.82000E-02
  1.36509E-01  9.70355E-02
  1.53716E-01  9.58305E-02
  1.70871E-01  9.45874E-02
  1.87972E-01  9.33085E-02
  2.05020E-01  9.19958E-02
  2.22011E-01  9.06514E-02
  2.38945E-01  8.92774E-02
  2.55819E-01  8.78760E-02
  2.72632E-01  8.64492E-02
  2.89380E-01  8.49996E-02
  3.06062E-01  8.35297E-02
  3.22674E-01  8.20424E-02
  3.39211E-01  8.05411E-02
  3.55671E-01  7.90297E-02
  3.72047E-01  7.75131E-02
  3.88334E-01  7.59972E-02
