 Xvort = [
 -4.50000E+00  1.00000E-02
 -4.49000E+00  1.00170E-02
 -4.48000E+00  1.00341E-02
 -4.47000E+00  1.00512E-02
 -4.46000E+00  1.00684E-02
 -4.45000E+00  1.00856E-02
 -4.44000E+00  1.01028E-02
 -4.43000E+00  1.01201E-02
 -4.42000E+00  1.01374E-02
 -4.41001E+00  1.01548E-02
 -4.40001E+00  1.01722E-02
 -4.39001E+00  1.01896E-02
 -4.38001E+00  1.02071E-02
 -4.37001E+00  1.02246E-02
 -4.36001E+00  1.02421E-02
 -4.35001E+00  1.02597E-02
 -4.34001E+00  1.02774E-02
 -4.33001E+00  1.02950E-02
 -4.32001E+00  1.03128E-02
 -4.31001E+00  1.03305E-02
 -4.30001E+00  1.03483E-02
 -4.29001E+00  1.03662E-02
 -4.28001E+00  1.03840E-02
 -4.27001E+00  1.04020E-02
 -4.26001E+00  1.04199E-02
 -4.25001E+00  1.04379E-02
 -4.24002E+00  1.04560E-02
 -4.23002E+00  1.04741E-02
 -4.22002E+00  1.04922E-02
 -4.21002E+00  1.05104E-02
 -4.20002E+00  1.05286E-02
 -4.19002E+00  1.05469E-02
 -4.18002E+00  1.05652E-02
 -4.17002E+00  1.05835E-02
 -4.16002E+00  1.06019E-02
 -4.15002E+00  1.06204E-02
 -4.14002E+00  1.06389E-02
 -4.13002E+00  1.06574E-02
 -4.12002E+00  1.06760E-02
 -4.11002E+00  1.06946E-02
 -4.10002E+00  1.07133E-02
 -4.09003E+00  1.07320E-02
 -4.08003E+00  1.07507E-02
 -4.07003E+00  1.07695E-02
 -4.06003E+00  1.07884E-02
 -4.05003E+00  1.08073E-02
 -4.04003E+00  1.08262E-02
 -4.03003E+00  1.08452E-02
 -4.02003E+00  1.08643E-02
 -4.01003E+00  1.08833E-02
 -4.00003E+00  1.09025E-02
 -3.99003E+00  1.09217E-02
 -3.98003E+00  1.09409E-02
 -3.97003E+00  1.09602E-02
 -3.96003E+00  1.09795E-02
 -3.95004E+00  1.09989E-02
 -3.94004E+00  1.10183E-02
 -3.93004E+00  1.10378E-02
 -3.92004E+00  1.10573E-02
 -3.91004E+00  1.10769E-02
 -3.90004E+00  1.10965E-02
 -3.89004E+00  1.11161E-02
 -3.88004E+00  1.11359E-02
 -3.87004E+00  1.11556E-02
 -3.86004E+00  1.11755E-02
 -3.85004E+00  1.11954E-02
 -3.84004E+00  1.12153E-02
 -3.83004E+00  1.12353E-02
 -3.82005E+00  1.12553E-02
 -3.81005E+00  1.12754E-02
 -3.80005E+00  1.12955E-02
 -3.79005E+00  1.13157E-02
 -3.78005E+00  1.13360E-02
 -3.77005E+00  1.13563E-02
 -3.76005E+00  1.13766E-02
 -3.75005E+00  1.13970E-02
 -3.74005E+00  1.14175E-02
 -3.73005E+00  1.14380E-02
 -3.72005E+00  1.14586E-02
 -3.71005E+00  1.14792E-02
 -3.70005E+00  1.14999E-02
 -3.69006E+00  1.15206E-02
 -3.68006E+00  1.15414E-02
 -3.67006E+00  1.15623E-02
 -3.66006E+00  1.15832E-02
 -3.65006E+00  1.16041E-02
 -3.64006E+00  1.16252E-02
 -3.63006E+00  1.16462E-02
 -3.62006E+00  1.16674E-02
 -3.61006E+00  1.16886E-02
 -3.60006E+00  1.17098E-02
 -3.59006E+00  1.17312E-02
 -3.58007E+00  1.17525E-02
 -3.57007E+00  1.17740E-02
 -3.56007E+00  1.17955E-02
 -3.55007E+00  1.18170E-02
 -3.54007E+00  1.18386E-02
 -3.53007E+00  1.18603E-02
 -3.52007E+00  1.18821E-02
 -3.51007E+00  1.19039E-02
 -3.50007E+00  1.19257E-02
 -3.49007E+00  1.19477E-02
 -3.48007E+00  1.19696E-02
 -3.47008E+00  1.19917E-02
 -3.46008E+00  1.20138E-02
 -3.45008E+00  1.20360E-02
 -3.44008E+00  1.20582E-02
 -3.43008E+00  1.20805E-02
 -3.42008E+00  1.21029E-02
 -3.41008E+00  1.21254E-02
 -3.40008E+00  1.21479E-02
 -3.39008E+00  1.21704E-02
 -3.38008E+00  1.21931E-02
 -3.37009E+00  1.22158E-02
 -3.36009E+00  1.22386E-02
 -3.35009E+00  1.22614E-02
 -3.34009E+00  1.22843E-02
 -3.33009E+00  1.23073E-02
 -3.32009E+00  1.23303E-02
 -3.31009E+00  1.23535E-02
 -3.30009E+00  1.23766E-02
 -3.29009E+00  1.23999E-02
 -3.28009E+00  1.24232E-02
 -3.27010E+00  1.24466E-02
 -3.26010E+00  1.24701E-02
 -3.25010E+00  1.24936E-02
 -3.24010E+00  1.25173E-02
 -3.23010E+00  1.25410E-02
 -3.22010E+00  1.25647E-02
 -3.21010E+00  1.25886E-02
 -3.20010E+00  1.26125E-02
 -3.19010E+00  1.26365E-02
 -3.18011E+00  1.26605E-02
 -3.17011E+00  1.26847E-02
 -3.16011E+00  1.27089E-02
 -3.15011E+00  1.27332E-02
 -3.14011E+00  1.27575E-02
 -3.13011E+00  1.27820E-02
 -3.12011E+00  1.28065E-02
 -3.11011E+00  1.28311E-02
 -3.10011E+00  1.28558E-02
 -3.09012E+00  1.28806E-02
 -3.08012E+00  1.29054E-02
 -3.07012E+00  1.29303E-02
 -3.06012E+00  1.29553E-02
 -3.05012E+00  1.29804E-02
 -3.04012E+00  1.30056E-02
 -3.03012E+00  1.30308E-02
 -3.02012E+00  1.30562E-02
 -3.01013E+00  1.30816E-02
 -3.00013E+00  1.31071E-02
 -2.99013E+00  1.31327E-02
 -2.98013E+00  1.31584E-02
 -2.97013E+00  1.31841E-02
 -2.96013E+00  1.32100E-02
 -2.95013E+00  1.32359E-02
 -2.94014E+00  1.32620E-02
 -2.93014E+00  1.32881E-02
 -2.92014E+00  1.33143E-02
 -2.91014E+00  1.33406E-02
 -2.90014E+00  1.33670E-02
 -2.89014E+00  1.33934E-02
 -2.88014E+00  1.34200E-02
 -2.87014E+00  1.34467E-02
 -2.86015E+00  1.34734E-02
 -2.85015E+00  1.35003E-02
 -2.84015E+00  1.35272E-02
 -2.83015E+00  1.35543E-02
 -2.82015E+00  1.35814E-02
 -2.81015E+00  1.36086E-02
 -2.80015E+00  1.36360E-02
 -2.79016E+00  1.36634E-02
 -2.78016E+00  1.36909E-02
 -2.77016E+00  1.37185E-02
 -2.76016E+00  1.37463E-02
 -2.75016E+00  1.37741E-02
 -2.74016E+00  1.38020E-02
 -2.73017E+00  1.38301E-02
 -2.72017E+00  1.38582E-02
 -2.71017E+00  1.38864E-02
 -2.70017E+00  1.39148E-02
 -2.69017E+00  1.39432E-02
 -2.68017E+00  1.39718E-02
 -2.67017E+00  1.40004E-02
 -2.66018E+00  1.40292E-02
 -2.65018E+00  1.40581E-02
 -2.64018E+00  1.40871E-02
 -2.63018E+00  1.41162E-02
 -2.62018E+00  1.41454E-02
 -2.61018E+00  1.41747E-02
 -2.60019E+00  1.42041E-02
 -2.59019E+00  1.42337E-02
 -2.58019E+00  1.42634E-02
 -2.57019E+00  1.42931E-02
 -2.56019E+00  1.43230E-02
 -2.55020E+00  1.43530E-02
 -2.54020E+00  1.43832E-02
 -2.53020E+00  1.44134E-02
 -2.52020E+00  1.44438E-02
 -2.51020E+00  1.44743E-02
 -2.50020E+00  1.45049E-02
 -2.49021E+00  1.45356E-02
 -2.48021E+00  1.45665E-02
 -2.47021E+00  1.45975E-02
 -2.46021E+00  1.46286E-02
 -2.45021E+00  1.46599E-02
 -2.44022E+00  1.46912E-02
 -2.43022E+00  1.47227E-02
 -2.42022E+00  1.47544E-02
 -2.41022E+00  1.47861E-02
 -2.40022E+00  1.48180E-02
 -2.39023E+00  1.48500E-02
 -2.38023E+00  1.48822E-02
 -2.37023E+00  1.49145E-02
 -2.36023E+00  1.49469E-02
 -2.35023E+00  1.49795E-02
 -2.34024E+00  1.50122E-02
 -2.33024E+00  1.50451E-02
 -2.32024E+00  1.50781E-02
 -2.31024E+00  1.51112E-02
 -2.30025E+00  1.51445E-02
 -2.29025E+00  1.51780E-02
 -2.28025E+00  1.52115E-02
 -2.27025E+00  1.52453E-02
 -2.26025E+00  1.52791E-02
 -2.25026E+00  1.53132E-02
 -2.24026E+00  1.53474E-02
 -2.23026E+00  1.53817E-02
 -2.22026E+00  1.54162E-02
 -2.21027E+00  1.54508E-02
 -2.20027E+00  1.54856E-02
 -2.19027E+00  1.55206E-02
 -2.18027E+00  1.55557E-02
 -2.17028E+00  1.55910E-02
 -2.16028E+00  1.56265E-02
 -2.15028E+00  1.56621E-02
 -2.14028E+00  1.56979E-02
 -2.13029E+00  1.57339E-02
 -2.12029E+00  1.57700E-02
 -2.11029E+00  1.58063E-02
 -2.10029E+00  1.58428E-02
 -2.09030E+00  1.58794E-02
 -2.08030E+00  1.59162E-02
 -2.07030E+00  1.59532E-02
 -2.06030E+00  1.59904E-02
 -2.05031E+00  1.60278E-02
 -2.04031E+00  1.60653E-02
 -2.03031E+00  1.61031E-02
 -2.02032E+00  1.61410E-02
 -2.01032E+00  1.61791E-02
 -2.00032E+00  1.62174E-02
 -1.99033E+00  1.62559E-02
 -1.98033E+00  1.62946E-02
 -1.97033E+00  1.63335E-02
 -1.96033E+00  1.63726E-02
 -1.95034E+00  1.64119E-02
 -1.94034E+00  1.64514E-02
 -1.93034E+00  1.64911E-02
 -1.92035E+00  1.65311E-02
 -1.91035E+00  1.65712E-02
 -1.90035E+00  1.66115E-02
 -1.89036E+00  1.66521E-02
 -1.88036E+00  1.66929E-02
 -1.87036E+00  1.67338E-02
 -1.86037E+00  1.67751E-02
 -1.85037E+00  1.68165E-02
 -1.84037E+00  1.68582E-02
 -1.83038E+00  1.69001E-02
 -1.82038E+00  1.69422E-02
 -1.81039E+00  1.69845E-02
 -1.80039E+00  1.70271E-02
 -1.79039E+00  1.70700E-02
 -1.78040E+00  1.71131E-02
 -1.77040E+00  1.71564E-02
 -1.76040E+00  1.72000E-02
 -1.75041E+00  1.72438E-02
 -1.74041E+00  1.72879E-02
 -1.73042E+00  1.73322E-02
 -1.72042E+00  1.73768E-02
 -1.71042E+00  1.74217E-02
 -1.70043E+00  1.74668E-02
 -1.69043E+00  1.75122E-02
 -1.68044E+00  1.75579E-02
 -1.67044E+00  1.76038E-02
 -1.66045E+00  1.76501E-02
 -1.65045E+00  1.76966E-02
 -1.64046E+00  1.77434E-02
 -1.63046E+00  1.77904E-02
 -1.62046E+00  1.78378E-02
 -1.61047E+00  1.78855E-02
 -1.60047E+00  1.79335E-02
 -1.59048E+00  1.79818E-02
 -1.58048E+00  1.80303E-02
 -1.57049E+00  1.80792E-02
 -1.56049E+00  1.81285E-02
