 Xvort = [
 -4.50000E+00  1.00000E-02
 -4.49000E+00  9.99989E-03
 -4.48000E+00  9.99977E-03
 -4.47000E+00  9.99965E-03
 -4.46000E+00  9.99954E-03
 -4.45000E+00  9.99942E-03
 -4.44000E+00  9.99930E-03
 -4.43000E+00  9.99918E-03
 -4.42001E+00  9.99906E-03
 -4.41001E+00  9.99893E-03
 -4.40001E+00  9.99881E-03
 -4.39001E+00  9.99868E-03
 -4.38001E+00  9.99856E-03
 -4.37001E+00  9.99843E-03
 -4.36001E+00  9.99830E-03
 -4.35001E+00  9.99817E-03
 -4.34001E+00  9.99804E-03
 -4.33001E+00  9.99790E-03
 -4.32001E+00  9.99777E-03
 -4.31001E+00  9.99763E-03
 -4.30001E+00  9.99749E-03
 -4.29001E+00  9.99736E-03
 -4.28001E+00  9.99721E-03
 -4.27002E+00  9.99707E-03
 -4.26002E+00  9.99693E-03
 -4.25002E+00  9.99678E-03
 -4.24002E+00  9.99664E-03
 -4.23002E+00  9.99649E-03
 -4.22002E+00  9.99634E-03
 -4.21002E+00  9.99619E-03
 -4.20002E+00  9.99604E-03
 -4.19002E+00  9.99588E-03
 -4.18002E+00  9.99573E-03
 -4.17002E+00  9.99557E-03
 -4.16002E+00  9.99541E-03
 -4.15002E+00  9.99525E-03
 -4.14002E+00  9.99509E-03
 -4.13002E+00  9.99493E-03
 -4.12003E+00  9.99476E-03
 -4.11003E+00  9.99459E-03
 -4.10003E+00  9.99443E-03
 -4.09003E+00  9.99426E-03
 -4.08003E+00  9.99408E-03
 -4.07003E+00  9.99391E-03
 -4.06003E+00  9.99373E-03
 -4.05003E+00  9.99356E-03
 -4.04003E+00  9.99338E-03
 -4.03003E+00  9.99320E-03
 -4.02003E+00  9.99301E-03
 -4.01003E+00  9.99283E-03
 -4.00003E+00  9.99264E-03
 -3.99004E+00  9.99245E-03
 -3.98004E+00  9.99226E-03
 -3.97004E+00  9.99207E-03
 -3.96004E+00  9.99188E-03
 -3.95004E+00  9.99168E-03
 -3.94004E+00  9.99148E-03
 -3.93004E+00  9.99128E-03
 -3.92004E+00  9.99108E-03
 -3.91004E+00  9.99088E-03
 -3.90004E+00  9.99067E-03
 -3.89004E+00  9.99047E-03
 -3.88004E+00  9.99026E-03
 -3.87004E+00  9.99004E-03
 -3.86005E+00  9.98983E-03
 -3.85005E+00  9.98961E-03
 -3.84005E+00  9.98940E-03
 -3.83005E+00  9.98918E-03
 -3.82005E+00  9.98895E-03
 -3.81005E+00  9.98873E-03
 -3.80005E+00  9.98850E-03
 -3.79005E+00  9.98827E-03
 -3.78005E+00  9.98804E-03
 -3.77005E+00  9.98781E-03
 -3.76005E+00  9.98757E-03
 -3.75005E+00  9.98733E-03
 -3.74006E+00  9.98709E-03
 -3.73006E+00  9.98685E-03
 -3.72006E+00  9.98661E-03
 -3.71006E+00  9.98636E-03
 -3.70006E+00  9.98611E-03
 -3.69006E+00  9.98586E-03
 -3.68006E+00  9.98560E-03
 -3.67006E+00  9.98534E-03
 -3.66006E+00  9.98508E-03
 -3.65006E+00  9.98482E-03
 -3.64006E+00  9.98456E-03
 -3.63007E+00  9.98429E-03
 -3.62007E+00  9.98402E-03
 -3.61007E+00  9.98375E-03
 -3.60007E+00  9.98347E-03
 -3.59007E+00  9.98320E-03
 -3.58007E+00  9.98292E-03
 -3.57007E+00  9.98263E-03
 -3.56007E+00  9.98235E-03
 -3.55007E+00  9.98206E-03
 -3.54007E+00  9.98177E-03
 -3.53007E+00  9.98147E-03
 -3.52008E+00  9.98118E-03
 -3.51008E+00  9.98088E-03
 -3.50008E+00  9.98058E-03
 -3.49008E+00  9.98027E-03
 -3.48008E+00  9.97996E-03
 -3.47008E+00  9.97965E-03
 -3.46008E+00  9.97934E-03
 -3.45008E+00  9.97902E-03
 -3.44008E+00  9.97870E-03
 -3.43008E+00  9.97838E-03
 -3.42009E+00  9.97805E-03
 -3.41009E+00  9.97772E-03
 -3.40009E+00  9.97739E-03
 -3.39009E+00  9.97706E-03
 -3.38009E+00  9.97672E-03
 -3.37009E+00  9.97638E-03
 -3.36009E+00  9.97603E-03
 -3.35009E+00  9.97568E-03
 -3.34009E+00  9.97533E-03
 -3.33009E+00  9.97498E-03
 -3.32010E+00  9.97462E-03
 -3.31010E+00  9.97426E-03
 -3.30010E+00  9.97389E-03
 -3.29010E+00  9.97353E-03
 -3.28010E+00  9.97315E-03
 -3.27010E+00  9.97278E-03
 -3.26010E+00  9.97240E-03
 -3.25010E+00  9.97202E-03
 -3.24010E+00  9.97163E-03
 -3.23011E+00  9.97124E-03
 -3.22011E+00  9.97085E-03
 -3.21011E+00  9.97045E-03
 -3.20011E+00  9.97005E-03
 -3.19011E+00  9.96965E-03
 -3.18011E+00  9.96924E-03
 -3.17011E+00  9.96883E-03
 -3.16011E+00  9.96842E-03
 -3.15011E+00  9.96800E-03
 -3.14012E+00  9.96757E-03
 -3.13012E+00  9.96715E-03
 -3.12012E+00  9.96671E-03
 -3.11012E+00  9.96628E-03
 -3.10012E+00  9.96584E-03
 -3.09012E+00  9.96540E-03
 -3.08012E+00  9.96495E-03
 -3.07012E+00  9.96450E-03
 -3.06012E+00  9.96404E-03
 -3.05013E+00  9.96358E-03
 -3.04013E+00  9.96312E-03
 -3.03013E+00  9.96265E-03
 -3.02013E+00  9.96217E-03
 -3.01013E+00  9.96170E-03
 -3.00013E+00  9.96121E-03
 -2.99013E+00  9.96073E-03
 -2.98013E+00  9.96024E-03
 -2.97014E+00  9.95974E-03
 -2.96014E+00  9.95924E-03
 -2.95014E+00  9.95873E-03
 -2.94014E+00  9.95822E-03
 -2.93014E+00  9.95771E-03
 -2.92014E+00  9.95719E-03
 -2.91014E+00  9.95667E-03
 -2.90014E+00  9.95614E-03
 -2.89015E+00  9.95560E-03
 -2.88015E+00  9.95506E-03
 -2.87015E+00  9.95452E-03
 -2.86015E+00  9.95397E-03
 -2.85015E+00  9.95341E-03
 -2.84015E+00  9.95285E-03
 -2.83015E+00  9.95229E-03
 -2.82016E+00  9.95172E-03
 -2.81016E+00  9.95114E-03
 -2.80016E+00  9.95056E-03
 -2.79016E+00  9.94997E-03
 -2.78016E+00  9.94938E-03
 -2.77016E+00  9.94878E-03
 -2.76016E+00  9.94818E-03
 -2.75017E+00  9.94757E-03
 -2.74017E+00  9.94696E-03
 -2.73017E+00  9.94634E-03
 -2.72017E+00  9.94571E-03
 -2.71017E+00  9.94508E-03
 -2.70017E+00  9.94444E-03
 -2.69017E+00  9.94379E-03
 -2.68018E+00  9.94314E-03
 -2.67018E+00  9.94248E-03
 -2.66018E+00  9.94182E-03
 -2.65018E+00  9.94115E-03
 -2.64018E+00  9.94048E-03
 -2.63018E+00  9.93979E-03
 -2.62018E+00  9.93910E-03
 -2.61019E+00  9.93841E-03
 -2.60019E+00  9.93771E-03
 -2.59019E+00  9.93700E-03
 -2.58019E+00  9.93628E-03
 -2.57019E+00  9.93556E-03
 -2.56019E+00  9.93483E-03
 -2.55020E+00  9.93409E-03
 -2.54020E+00  9.93335E-03
 -2.53020E+00  9.93260E-03
 -2.52020E+00  9.93184E-03
 -2.51020E+00  9.93107E-03
 -2.50020E+00  9.93030E-03
 -2.49021E+00  9.92952E-03
 -2.48021E+00  9.92873E-03
 -2.47021E+00  9.92794E-03
 -2.46021E+00  9.92713E-03
 -2.45021E+00  9.92632E-03
 -2.44021E+00  9.92550E-03
 -2.43022E+00  9.92468E-03
 -2.42022E+00  9.92384E-03
 -2.41022E+00  9.92300E-03
 -2.40022E+00  9.92215E-03
 -2.39022E+00  9.92129E-03
 -2.38022E+00  9.92042E-03
 -2.37023E+00  9.91954E-03
 -2.36023E+00  9.91866E-03
 -2.35023E+00  9.91776E-03
 -2.34023E+00  9.91686E-03
 -2.33023E+00  9.91595E-03
 -2.32024E+00  9.91502E-03
 -2.31024E+00  9.91409E-03
 -2.30024E+00  9.91315E-03
 -2.29024E+00  9.91221E-03
 -2.28024E+00  9.91125E-03
 -2.27024E+00  9.91028E-03
 -2.26025E+00  9.90930E-03
 -2.25025E+00  9.90831E-03
 -2.24025E+00  9.90732E-03
 -2.23025E+00  9.90631E-03
 -2.22025E+00  9.90529E-03
 -2.21026E+00  9.90426E-03
 -2.20026E+00  9.90322E-03
 -2.19026E+00  9.90218E-03
 -2.18026E+00  9.90112E-03
 -2.17026E+00  9.90005E-03
 -2.16027E+00  9.89896E-03
 -2.15027E+00  9.89787E-03
 -2.14027E+00  9.89677E-03
 -2.13027E+00  9.89565E-03
 -2.12028E+00  9.89453E-03
 -2.11028E+00  9.89339E-03
 -2.10028E+00  9.89224E-03
 -2.09028E+00  9.89108E-03
 -2.08028E+00  9.88990E-03
 -2.07029E+00  9.88872E-03
 -2.06029E+00  9.88752E-03
 -2.05029E+00  9.88631E-03
 -2.04029E+00  9.88509E-03
 -2.03030E+00  9.88385E-03
 -2.02030E+00  9.88260E-03
 -2.01030E+00  9.88134E-03
 -2.00030E+00  9.88006E-03
 -1.99030E+00  9.87877E-03
 -1.98031E+00  9.87747E-03
 -1.97031E+00  9.87615E-03
 -1.96031E+00  9.87482E-03
 -1.95031E+00  9.87348E-03
 -1.94032E+00  9.87212E-03
 -1.93032E+00  9.87074E-03
 -1.92032E+00  9.86935E-03
 -1.91032E+00  9.86795E-03
 -1.90033E+00  9.86653E-03
 -1.89033E+00  9.86510E-03
 -1.88033E+00  9.86365E-03
 -1.87033E+00  9.86218E-03
 -1.86034E+00  9.86070E-03
 -1.85034E+00  9.85920E-03
 -1.84034E+00  9.85768E-03
 -1.83035E+00  9.85615E-03
 -1.82035E+00  9.85460E-03
 -1.81035E+00  9.85304E-03
 -1.80035E+00  9.85145E-03
 -1.79036E+00  9.84985E-03
 -1.78036E+00  9.84823E-03
 -1.77036E+00  9.84660E-03
 -1.76036E+00  9.84494E-03
 -1.75037E+00  9.84327E-03
 -1.74037E+00  9.84157E-03
 -1.73037E+00  9.83986E-03
 -1.72038E+00  9.83813E-03
 -1.71038E+00  9.83637E-03
 -1.70038E+00  9.83460E-03
 -1.69039E+00  9.83281E-03
 -1.68039E+00  9.83099E-03
 -1.67039E+00  9.82916E-03
 -1.66039E+00  9.82730E-03
 -1.65040E+00  9.82543E-03
 -1.64040E+00  9.82352E-03
 -1.63040E+00  9.82160E-03
 -1.62041E+00  9.81966E-03
 -1.61041E+00  9.81769E-03
 -1.60041E+00  9.81570E-03
 -1.59042E+00  9.81368E-03
 -1.58042E+00  9.81164E-03
 -1.57042E+00  9.80958E-03
 -1.56043E+00  9.80749E-03
