 Xvort = [
 -4.50000E+00  4.00000E-02
 -4.48333E+00  3.99997E-02
 -4.46667E+00  3.99994E-02
 -4.45000E+00  3.99991E-02
 -4.43334E+00  3.99988E-02
 -4.41667E+00  3.99985E-02
 -4.40001E+00  3.99981E-02
 -4.38334E+00  3.99978E-02
 -4.36667E+00  3.99975E-02
 -4.35001E+00  3.99972E-02
 -4.33334E+00  3.99968E-02
 -4.31668E+00  3.99965E-02
 -4.30001E+00  3.99961E-02
 -4.28335E+00  3.99958E-02
 -4.26668E+00  3.99954E-02
 -4.25001E+00  3.99951E-02
 -4.23335E+00  3.99947E-02
 -4.21668E+00  3.99944E-02
 -4.20002E+00  3.99940E-02
 -4.18335E+00  3.99936E-02
 -4.16669E+00  3.99933E-02
 -4.15002E+00  3.99929E-02
 -4.13336E+00  3.99925E-02
 -4.11669E+00  3.99921E-02
 -4.10002E+00  3.99917E-02
 -4.08336E+00  3.99913E-02
 -4.06669E+00  3.99909E-02
 -4.05003E+00  3.99905E-02
 -4.03336E+00  3.99901E-02
 -4.01670E+00  3.99897E-02
 -4.00003E+00  3.99893E-02
 -3.98337E+00  3.99888E-02
 -3.96670E+00  3.99884E-02
 -3.95004E+00  3.99880E-02
 -3.93337E+00  3.99875E-02
 -3.91670E+00  3.99871E-02
 -3.90004E+00  3.99866E-02
 -3.88337E+00  3.99862E-02
 -3.86671E+00  3.99857E-02
 -3.85004E+00  3.99852E-02
 -3.83338E+00  3.99847E-02
 -3.81671E+00  3.99843E-02
 -3.80005E+00  3.99838E-02
 -3.78338E+00  3.99833E-02
 -3.76672E+00  3.99828E-02
 -3.75005E+00  3.99823E-02
 -3.73339E+00  3.99817E-02
 -3.71672E+00  3.99812E-02
 -3.70006E+00  3.99807E-02
 -3.68339E+00  3.99802E-02
 -3.66672E+00  3.99796E-02
 -3.65006E+00  3.99791E-02
 -3.63339E+00  3.99785E-02
 -3.61673E+00  3.99779E-02
 -3.60006E+00  3.99774E-02
 -3.58340E+00  3.99768E-02
 -3.56673E+00  3.99762E-02
 -3.55007E+00  3.99756E-02
 -3.53340E+00  3.99750E-02
 -3.51674E+00  3.99744E-02
 -3.50007E+00  3.99738E-02
 -3.48341E+00  3.99731E-02
 -3.46674E+00  3.99725E-02
 -3.45008E+00  3.99719E-02
 -3.43341E+00  3.99712E-02
 -3.41675E+00  3.99706E-02
 -3.40008E+00  3.99699E-02
 -3.38342E+00  3.99692E-02
 -3.36675E+00  3.99685E-02
 -3.35009E+00  3.99678E-02
 -3.33342E+00  3.99671E-02
 -3.31676E+00  3.99664E-02
 -3.30009E+00  3.99657E-02
 -3.28343E+00  3.99649E-02
 -3.26676E+00  3.99642E-02
 -3.25010E+00  3.99634E-02
 -3.23343E+00  3.99626E-02
 -3.21677E+00  3.99619E-02
 -3.20010E+00  3.99611E-02
 -3.18344E+00  3.99603E-02
 -3.16678E+00  3.99594E-02
 -3.15011E+00  3.99586E-02
 -3.13345E+00  3.99578E-02
 -3.11678E+00  3.99569E-02
 -3.10012E+00  3.99561E-02
 -3.08345E+00  3.99552E-02
 -3.06679E+00  3.99543E-02
 -3.05012E+00  3.99534E-02
 -3.03346E+00  3.99525E-02
 -3.01679E+00  3.99516E-02
 -3.00013E+00  3.99506E-02
 -2.98346E+00  3.99497E-02
 -2.96680E+00  3.99487E-02
 -2.95014E+00  3.99477E-02
 -2.93347E+00  3.99467E-02
 -2.91681E+00  3.99457E-02
 -2.90014E+00  3.99447E-02
 -2.88348E+00  3.99436E-02
 -2.86681E+00  3.99426E-02
 -2.85015E+00  3.99415E-02
 -2.83349E+00  3.99404E-02
 -2.81682E+00  3.99393E-02
 -2.80016E+00  3.99382E-02
 -2.78349E+00  3.99370E-02
 -2.76683E+00  3.99358E-02
 -2.75017E+00  3.99347E-02
 -2.73350E+00  3.99335E-02
 -2.71684E+00  3.99322E-02
 -2.70017E+00  3.99310E-02
 -2.68351E+00  3.99298E-02
 -2.66685E+00  3.99285E-02
 -2.65018E+00  3.99272E-02
 -2.63352E+00  3.99259E-02
 -2.61685E+00  3.99245E-02
 -2.60019E+00  3.99232E-02
 -2.58353E+00  3.99218E-02
 -2.56686E+00  3.99204E-02
 -2.55020E+00  3.99189E-02
 -2.53354E+00  3.99175E-02
 -2.51687E+00  3.99160E-02
 -2.50021E+00  3.99145E-02
 -2.48355E+00  3.99130E-02
 -2.46688E+00  3.99114E-02
 -2.45022E+00  3.99098E-02
 -2.43356E+00  3.99082E-02
 -2.41689E+00  3.99066E-02
 -2.40023E+00  3.99049E-02
 -2.38357E+00  3.99032E-02
 -2.36690E+00  3.99015E-02
 -2.35024E+00  3.98997E-02
 -2.33358E+00  3.98980E-02
 -2.31691E+00  3.98961E-02
 -2.30025E+00  3.98943E-02
 -2.28359E+00  3.98924E-02
 -2.26693E+00  3.98905E-02
 -2.25026E+00  3.98885E-02
 -2.23360E+00  3.98865E-02
 -2.21694E+00  3.98845E-02
 -2.20028E+00  3.98824E-02
 -2.18361E+00  3.98803E-02
 -2.16695E+00  3.98782E-02
 -2.15029E+00  3.98760E-02
 -2.13363E+00  3.98738E-02
 -2.11696E+00  3.98715E-02
 -2.10030E+00  3.98692E-02
 -2.08364E+00  3.98669E-02
 -2.06698E+00  3.98645E-02
 -2.05032E+00  3.98620E-02
 -2.03365E+00  3.98595E-02
 -2.01699E+00  3.98570E-02
 -2.00033E+00  3.98544E-02
 -1.98367E+00  3.98517E-02
 -1.96701E+00  3.98490E-02
 -1.95035E+00  3.98462E-02
 -1.93369E+00  3.98434E-02
 -1.91703E+00  3.98405E-02
 -1.90036E+00  3.98376E-02
 -1.88370E+00  3.98346E-02
 -1.86704E+00  3.98315E-02
 -1.85038E+00  3.98284E-02
 -1.83372E+00  3.98252E-02
 -1.81706E+00  3.98219E-02
 -1.80040E+00  3.98185E-02
 -1.78374E+00  3.98151E-02
 -1.76708E+00  3.98116E-02
 -1.75042E+00  3.98080E-02
 -1.73376E+00  3.98043E-02
 -1.71710E+00  3.98006E-02
 -1.70044E+00  3.97967E-02
 -1.68378E+00  3.97928E-02
 -1.66713E+00  3.97888E-02
 -1.65047E+00  3.97846E-02
 -1.63381E+00  3.97804E-02
 -1.61715E+00  3.97761E-02
 -1.60049E+00  3.97716E-02
 -1.58383E+00  3.97671E-02
 -1.56718E+00  3.97624E-02
 -1.55052E+00  3.97576E-02
 -1.53386E+00  3.97526E-02
 -1.51720E+00  3.97476E-02
 -1.50055E+00  3.97424E-02
 -1.48389E+00  3.97371E-02
 -1.46723E+00  3.97316E-02
 -1.45058E+00  3.97259E-02
 -1.43392E+00  3.97201E-02
 -1.41727E+00  3.97142E-02
 -1.40061E+00  3.97080E-02
 -1.38396E+00  3.97017E-02
 -1.36730E+00  3.96952E-02
 -1.35065E+00  3.96885E-02
 -1.33399E+00  3.96816E-02
 -1.31734E+00  3.96745E-02
 -1.30069E+00  3.96671E-02
 -1.28404E+00  3.96595E-02
 -1.26738E+00  3.96517E-02
 -1.25073E+00  3.96436E-02
 -1.23408E+00  3.96352E-02
 -1.21743E+00  3.96266E-02
 -1.20078E+00  3.96176E-02
 -1.18413E+00  3.96084E-02
 -1.16748E+00  3.95987E-02
 -1.15083E+00  3.95888E-02
 -1.13419E+00  3.95784E-02
 -1.11754E+00  3.95677E-02
 -1.10089E+00  3.95566E-02
 -1.08425E+00  3.95450E-02
 -1.06760E+00  3.95329E-02
 -1.05096E+00  3.95204E-02
 -1.03432E+00  3.95073E-02
 -1.01768E+00  3.94937E-02
 -1.00103E+00  3.94794E-02
 -9.84396E-01  3.94645E-02
 -9.67758E-01  3.94490E-02
 -9.51122E-01  3.94327E-02
 -9.34487E-01  3.94156E-02
 -9.17853E-01  3.93977E-02
 -9.01222E-01  3.93789E-02
 -8.84592E-01  3.93591E-02
 -8.67964E-01  3.93382E-02
 -8.51339E-01  3.93163E-02
 -8.34717E-01  3.92931E-02
 -8.18097E-01  3.92686E-02
 -8.01480E-01  3.92427E-02
 -7.84866E-01  3.92152E-02
 -7.68257E-01  3.91861E-02
 -7.51651E-01  3.91552E-02
 -7.35051E-01  3.91224E-02
 -7.18456E-01  3.90876E-02
 -7.01867E-01  3.90506E-02
 -6.85285E-01  3.90114E-02
 -6.68712E-01  3.89701E-02
 -6.52149E-01  3.89268E-02
 -6.35598E-01  3.88819E-02
 -6.19061E-01  3.88362E-02
 -6.02540E-01  3.87914E-02
 -5.86041E-01  3.87503E-02
 -5.69566E-01  3.87181E-02
 -5.53123E-01  3.87037E-02
 -5.36715E-01  3.87223E-02
 -5.20346E-01  3.87987E-02
 -5.04004E-01  3.89688E-02
 -4.87646E-01  3.92602E-02
 -4.71209E-01  3.96463E-02
 -4.54670E-01  4.00578E-02
 -4.38054E-01  4.04389E-02
 -4.21395E-01  4.07759E-02
 -4.04713E-01  4.10699E-02
 -3.88019E-01  4.13250E-02
 -3.71319E-01  4.15476E-02
 -3.54617E-01  4.17407E-02
 -3.37914E-01  4.19075E-02
 -3.21213E-01  4.20522E-02
 -3.04515E-01  4.21758E-02
 -2.87819E-01  4.22805E-02
 -2.71126E-01  4.23692E-02
 -2.54438E-01  4.24418E-02
 -2.37754E-01  4.25002E-02
 -2.21073E-01  4.25463E-02
 -2.04398E-01  4.25796E-02
 -1.87726E-01  4.26020E-02
 -1.71059E-01  4.26145E-02
 -1.54396E-01  4.26165E-02
 -1.37737E-01  4.26100E-02
 -1.21083E-01  4.25952E-02
 -1.04433E-01  4.25718E-02
 -8.77875E-02  4.25416E-02
 -7.11465E-02  4.25044E-02
 -5.45093E-02  4.24600E-02
 -3.78761E-02  4.24101E-02
 -2.12475E-02  4.23541E-02
 -4.62249E-03  4.22921E-02
  1.19985E-02  4.22255E-02
  2.86153E-02  4.21535E-02
  4.52286E-02  4.20766E-02
  6.18379E-02  4.19958E-02
  7.84432E-02  4.19101E-02
  9.50452E-02  4.18203E-02
  1.11643E-01  4.17271E-02
  1.28237E-01  4.16295E-02
  1.44828E-01  4.15285E-02
  1.61415E-01  4.14243E-02
  1.77998E-01  4.13162E-02
  1.94577E-01  4.12053E-02
  2.11153E-01  4.10912E-02
  2.27724E-01  4.09737E-02
  2.44292E-01  4.08538E-02
  2.60855E-01  4.07309E-02
  2.77414E-01  4.06050E-02
  2.93968E-01  4.04771E-02
  3.10517E-01  4.03463E-02
  3.27061E-01  4.02131E-02
  3.43600E-01  4.00782E-02
  3.60132E-01  3.99410E-02
  3.76658E-01  3.98022E-02
  3.93175E-01  3.96625E-02
