 Xvort = [
 -4.50000E+00  2.00000E-02
 -4.49000E+00  1.99999E-02
 -4.48000E+00  1.99999E-02
 -4.47000E+00  1.99998E-02
 -4.46000E+00  1.99998E-02
 -4.45000E+00  1.99997E-02
 -4.44000E+00  1.99997E-02
 -4.43000E+00  1.99996E-02
 -4.42000E+00  1.99996E-02
 -4.41000E+00  1.99995E-02
 -4.40000E+00  1.99994E-02
 -4.39001E+00  1.99994E-02
 -4.38001E+00  1.99993E-02
 -4.37001E+00  1.99993E-02
 -4.36001E+00  1.99992E-02
 -4.35001E+00  1.99991E-02
 -4.34001E+00  1.99991E-02
 -4.33001E+00  1.99990E-02
 -4.32001E+00  1.99989E-02
 -4.31001E+00  1.99989E-02
 -4.30001E+00  1.99988E-02
 -4.29001E+00  1.99987E-02
 -4.28001E+00  1.99986E-02
 -4.27001E+00  1.99986E-02
 -4.26001E+00  1.99985E-02
 -4.25001E+00  1.99984E-02
 -4.24001E+00  1.99983E-02
 -4.23001E+00  1.99983E-02
 -4.22001E+00  1.99982E-02
 -4.21001E+00  1.99981E-02
 -4.20001E+00  1.99980E-02
 -4.19002E+00  1.99979E-02
 -4.18002E+00  1.99979E-02
 -4.17002E+00  1.99978E-02
 -4.16002E+00  1.99977E-02
 -4.15002E+00  1.99976E-02
 -4.14002E+00  1.99975E-02
 -4.13002E+00  1.99974E-02
 -4.12002E+00  1.99973E-02
 -4.11002E+00  1.99972E-02
 -4.10002E+00  1.99971E-02
 -4.09002E+00  1.99971E-02
 -4.08002E+00  1.99970E-02
 -4.07002E+00  1.99969E-02
 -4.06002E+00  1.99968E-02
 -4.05002E+00  1.99967E-02
 -4.04002E+00  1.99966E-02
 -4.03002E+00  1.99964E-02
 -4.02002E+00  1.99963E-02
 -4.01002E+00  1.99962E-02
 -4.00003E+00  1.99961E-02
 -3.99003E+00  1.99960E-02
 -3.98003E+00  1.99959E-02
 -3.97003E+00  1.99958E-02
 -3.96003E+00  1.99957E-02
 -3.95003E+00  1.99956E-02
 -3.94003E+00  1.99954E-02
 -3.93003E+00  1.99953E-02
 -3.92003E+00  1.99952E-02
 -3.91003E+00  1.99951E-02
 -3.90003E+00  1.99950E-02
 -3.89003E+00  1.99948E-02
 -3.88003E+00  1.99947E-02
 -3.87003E+00  1.99946E-02
 -3.86003E+00  1.99944E-02
 -3.85003E+00  1.99943E-02
 -3.84004E+00  1.99942E-02
 -3.83004E+00  1.99940E-02
 -3.82004E+00  1.99939E-02
 -3.81004E+00  1.99937E-02
 -3.80004E+00  1.99936E-02
 -3.79004E+00  1.99935E-02
 -3.78004E+00  1.99933E-02
 -3.77004E+00  1.99932E-02
 -3.76004E+00  1.99930E-02
 -3.75004E+00  1.99929E-02
 -3.74004E+00  1.99927E-02
 -3.73004E+00  1.99925E-02
 -3.72004E+00  1.99924E-02
 -3.71004E+00  1.99922E-02
 -3.70004E+00  1.99921E-02
 -3.69004E+00  1.99919E-02
 -3.68005E+00  1.99917E-02
 -3.67005E+00  1.99916E-02
 -3.66005E+00  1.99914E-02
 -3.65005E+00  1.99912E-02
 -3.64005E+00  1.99910E-02
 -3.63005E+00  1.99909E-02
 -3.62005E+00  1.99907E-02
 -3.61005E+00  1.99905E-02
 -3.60005E+00  1.99903E-02
 -3.59005E+00  1.99901E-02
 -3.58005E+00  1.99899E-02
 -3.57005E+00  1.99897E-02
 -3.56005E+00  1.99895E-02
 -3.55005E+00  1.99893E-02
 -3.54006E+00  1.99891E-02
 -3.53006E+00  1.99889E-02
 -3.52006E+00  1.99887E-02
 -3.51006E+00  1.99885E-02
 -3.50006E+00  1.99883E-02
 -3.49006E+00  1.99881E-02
 -3.48006E+00  1.99879E-02
 -3.47006E+00  1.99877E-02
 -3.46006E+00  1.99874E-02
 -3.45006E+00  1.99872E-02
 -3.44006E+00  1.99870E-02
 -3.43006E+00  1.99867E-02
 -3.42006E+00  1.99865E-02
 -3.41007E+00  1.99863E-02
 -3.40007E+00  1.99860E-02
 -3.39007E+00  1.99858E-02
 -3.38007E+00  1.99855E-02
 -3.37007E+00  1.99853E-02
 -3.36007E+00  1.99850E-02
 -3.35007E+00  1.99848E-02
 -3.34007E+00  1.99845E-02
 -3.33007E+00  1.99843E-02
 -3.32007E+00  1.99840E-02
 -3.31007E+00  1.99837E-02
 -3.30007E+00  1.99835E-02
 -3.29008E+00  1.99832E-02
 -3.28008E+00  1.99829E-02
 -3.27008E+00  1.99826E-02
 -3.26008E+00  1.99824E-02
 -3.25008E+00  1.99821E-02
 -3.24008E+00  1.99818E-02
 -3.23008E+00  1.99815E-02
 -3.22008E+00  1.99812E-02
 -3.21008E+00  1.99809E-02
 -3.20008E+00  1.99806E-02
 -3.19008E+00  1.99803E-02
 -3.18009E+00  1.99799E-02
 -3.17009E+00  1.99796E-02
 -3.16009E+00  1.99793E-02
 -3.15009E+00  1.99790E-02
 -3.14009E+00  1.99787E-02
 -3.13009E+00  1.99783E-02
 -3.12009E+00  1.99780E-02
 -3.11009E+00  1.99776E-02
 -3.10009E+00  1.99773E-02
 -3.09009E+00  1.99770E-02
 -3.08010E+00  1.99766E-02
 -3.07010E+00  1.99762E-02
 -3.06010E+00  1.99759E-02
 -3.05010E+00  1.99755E-02
 -3.04010E+00  1.99751E-02
 -3.03010E+00  1.99748E-02
 -3.02010E+00  1.99744E-02
 -3.01010E+00  1.99740E-02
 -3.00010E+00  1.99736E-02
 -2.99010E+00  1.99732E-02
 -2.98011E+00  1.99728E-02
 -2.97011E+00  1.99724E-02
 -2.96011E+00  1.99720E-02
 -2.95011E+00  1.99716E-02
 -2.94011E+00  1.99712E-02
 -2.93011E+00  1.99708E-02
 -2.92011E+00  1.99703E-02
 -2.91011E+00  1.99699E-02
 -2.90011E+00  1.99695E-02
 -2.89012E+00  1.99690E-02
 -2.88012E+00  1.99686E-02
 -2.87012E+00  1.99681E-02
 -2.86012E+00  1.99676E-02
 -2.85012E+00  1.99672E-02
 -2.84012E+00  1.99667E-02
 -2.83012E+00  1.99662E-02
 -2.82012E+00  1.99658E-02
 -2.81012E+00  1.99653E-02
 -2.80013E+00  1.99648E-02
 -2.79013E+00  1.99643E-02
 -2.78013E+00  1.99638E-02
 -2.77013E+00  1.99633E-02
 -2.76013E+00  1.99627E-02
 -2.75013E+00  1.99622E-02
 -2.74013E+00  1.99617E-02
 -2.73013E+00  1.99611E-02
 -2.72014E+00  1.99606E-02
 -2.71014E+00  1.99601E-02
 -2.70014E+00  1.99595E-02
 -2.69014E+00  1.99589E-02
 -2.68014E+00  1.99584E-02
 -2.67014E+00  1.99578E-02
 -2.66014E+00  1.99572E-02
 -2.65015E+00  1.99566E-02
 -2.64015E+00  1.99560E-02
 -2.63015E+00  1.99554E-02
 -2.62015E+00  1.99548E-02
 -2.61015E+00  1.99542E-02
 -2.60015E+00  1.99535E-02
 -2.59015E+00  1.99529E-02
 -2.58016E+00  1.99523E-02
 -2.57016E+00  1.99516E-02
 -2.56016E+00  1.99509E-02
 -2.55016E+00  1.99503E-02
 -2.54016E+00  1.99496E-02
 -2.53016E+00  1.99489E-02
 -2.52016E+00  1.99482E-02
 -2.51017E+00  1.99475E-02
 -2.50017E+00  1.99468E-02
 -2.49017E+00  1.99461E-02
 -2.48017E+00  1.99454E-02
 -2.47017E+00  1.99446E-02
 -2.46017E+00  1.99439E-02
 -2.45017E+00  1.99431E-02
 -2.44018E+00  1.99424E-02
 -2.43018E+00  1.99416E-02
 -2.42018E+00  1.99408E-02
 -2.41018E+00  1.99400E-02
 -2.40018E+00  1.99392E-02
 -2.39018E+00  1.99384E-02
 -2.38019E+00  1.99376E-02
 -2.37019E+00  1.99367E-02
 -2.36019E+00  1.99359E-02
 -2.35019E+00  1.99350E-02
 -2.34019E+00  1.99342E-02
 -2.33020E+00  1.99333E-02
 -2.32020E+00  1.99324E-02
 -2.31020E+00  1.99315E-02
 -2.30020E+00  1.99306E-02
 -2.29020E+00  1.99297E-02
 -2.28020E+00  1.99287E-02
 -2.27021E+00  1.99278E-02
 -2.26021E+00  1.99268E-02
 -2.25021E+00  1.99259E-02
 -2.24021E+00  1.99249E-02
 -2.23021E+00  1.99239E-02
 -2.22022E+00  1.99229E-02
 -2.21022E+00  1.99218E-02
 -2.20022E+00  1.99208E-02
 -2.19022E+00  1.99198E-02
 -2.18022E+00  1.99187E-02
 -2.17023E+00  1.99176E-02
 -2.16023E+00  1.99165E-02
 -2.15023E+00  1.99154E-02
 -2.14023E+00  1.99143E-02
 -2.13023E+00  1.99132E-02
 -2.12024E+00  1.99120E-02
 -2.11024E+00  1.99108E-02
 -2.10024E+00  1.99096E-02
 -2.09024E+00  1.99084E-02
 -2.08025E+00  1.99072E-02
 -2.07025E+00  1.99060E-02
 -2.06025E+00  1.99048E-02
 -2.05025E+00  1.99035E-02
 -2.04026E+00  1.99022E-02
 -2.03026E+00  1.99009E-02
 -2.02026E+00  1.98996E-02
 -2.01026E+00  1.98982E-02
 -2.00027E+00  1.98969E-02
 -1.99027E+00  1.98955E-02
 -1.98027E+00  1.98941E-02
 -1.97027E+00  1.98927E-02
 -1.96028E+00  1.98913E-02
 -1.95028E+00  1.98898E-02
 -1.94028E+00  1.98883E-02
 -1.93028E+00  1.98869E-02
 -1.92029E+00  1.98853E-02
 -1.91029E+00  1.98838E-02
 -1.90029E+00  1.98822E-02
 -1.89029E+00  1.98807E-02
 -1.88030E+00  1.98790E-02
 -1.87030E+00  1.98774E-02
 -1.86030E+00  1.98758E-02
 -1.85031E+00  1.98741E-02
 -1.84031E+00  1.98724E-02
 -1.83031E+00  1.98707E-02
 -1.82032E+00  1.98689E-02
 -1.81032E+00  1.98671E-02
 -1.80032E+00  1.98653E-02
 -1.79032E+00  1.98635E-02
 -1.78033E+00  1.98616E-02
 -1.77033E+00  1.98597E-02
 -1.76033E+00  1.98578E-02
 -1.75034E+00  1.98559E-02
 -1.74034E+00  1.98539E-02
 -1.73034E+00  1.98519E-02
 -1.72035E+00  1.98498E-02
 -1.71035E+00  1.98477E-02
 -1.70036E+00  1.98456E-02
 -1.69036E+00  1.98435E-02
 -1.68036E+00  1.98413E-02
 -1.67037E+00  1.98391E-02
 -1.66037E+00  1.98369E-02
 -1.65037E+00  1.98346E-02
 -1.64038E+00  1.98323E-02
 -1.63038E+00  1.98299E-02
 -1.62039E+00  1.98275E-02
 -1.61039E+00  1.98251E-02
 -1.60039E+00  1.98226E-02
 -1.59040E+00  1.98201E-02
 -1.58040E+00  1.98175E-02
 -1.57041E+00  1.98149E-02
 -1.56041E+00  1.98123E-02
