 Xvort = [
 -4.50000E+00  2.00000E-02
 -4.49000E+00  1.99999E-02
 -4.48000E+00  1.99998E-02
 -4.47000E+00  1.99997E-02
 -4.46000E+00  1.99996E-02
 -4.45000E+00  1.99994E-02
 -4.44000E+00  1.99993E-02
 -4.43001E+00  1.99992E-02
 -4.42001E+00  1.99991E-02
 -4.41001E+00  1.99990E-02
 -4.40001E+00  1.99988E-02
 -4.39001E+00  1.99987E-02
 -4.38001E+00  1.99986E-02
 -4.37001E+00  1.99985E-02
 -4.36001E+00  1.99984E-02
 -4.35001E+00  1.99982E-02
 -4.34001E+00  1.99981E-02
 -4.33001E+00  1.99980E-02
 -4.32001E+00  1.99978E-02
 -4.31002E+00  1.99977E-02
 -4.30002E+00  1.99976E-02
 -4.29002E+00  1.99974E-02
 -4.28002E+00  1.99973E-02
 -4.27002E+00  1.99972E-02
 -4.26002E+00  1.99970E-02
 -4.25002E+00  1.99969E-02
 -4.24002E+00  1.99967E-02
 -4.23002E+00  1.99966E-02
 -4.22002E+00  1.99964E-02
 -4.21002E+00  1.99963E-02
 -4.20002E+00  1.99962E-02
 -4.19003E+00  1.99960E-02
 -4.18003E+00  1.99959E-02
 -4.17003E+00  1.99957E-02
 -4.16003E+00  1.99955E-02
 -4.15003E+00  1.99954E-02
 -4.14003E+00  1.99952E-02
 -4.13003E+00  1.99951E-02
 -4.12003E+00  1.99949E-02
 -4.11003E+00  1.99948E-02
 -4.10003E+00  1.99946E-02
 -4.09003E+00  1.99944E-02
 -4.08004E+00  1.99943E-02
 -4.07004E+00  1.99941E-02
 -4.06004E+00  1.99939E-02
 -4.05004E+00  1.99937E-02
 -4.04004E+00  1.99936E-02
 -4.03004E+00  1.99934E-02
 -4.02004E+00  1.99932E-02
 -4.01004E+00  1.99930E-02
 -4.00004E+00  1.99929E-02
 -3.99004E+00  1.99927E-02
 -3.98005E+00  1.99925E-02
 -3.97005E+00  1.99923E-02
 -3.96005E+00  1.99921E-02
 -3.95005E+00  1.99919E-02
 -3.94005E+00  1.99917E-02
 -3.93005E+00  1.99915E-02
 -3.92005E+00  1.99913E-02
 -3.91005E+00  1.99911E-02
 -3.90005E+00  1.99909E-02
 -3.89005E+00  1.99907E-02
 -3.88006E+00  1.99905E-02
 -3.87006E+00  1.99903E-02
 -3.86006E+00  1.99901E-02
 -3.85006E+00  1.99899E-02
 -3.84006E+00  1.99897E-02
 -3.83006E+00  1.99895E-02
 -3.82006E+00  1.99893E-02
 -3.81006E+00  1.99890E-02
 -3.80006E+00  1.99888E-02
 -3.79006E+00  1.99886E-02
 -3.78007E+00  1.99884E-02
 -3.77007E+00  1.99881E-02
 -3.76007E+00  1.99879E-02
 -3.75007E+00  1.99877E-02
 -3.74007E+00  1.99874E-02
 -3.73007E+00  1.99872E-02
 -3.72007E+00  1.99870E-02
 -3.71007E+00  1.99867E-02
 -3.70007E+00  1.99865E-02
 -3.69008E+00  1.99862E-02
 -3.68008E+00  1.99860E-02
 -3.67008E+00  1.99857E-02
 -3.66008E+00  1.99855E-02
 -3.65008E+00  1.99852E-02
 -3.64008E+00  1.99850E-02
 -3.63008E+00  1.99847E-02
 -3.62008E+00  1.99844E-02
 -3.61008E+00  1.99842E-02
 -3.60009E+00  1.99839E-02
 -3.59009E+00  1.99836E-02
 -3.58009E+00  1.99834E-02
 -3.57009E+00  1.99831E-02
 -3.56009E+00  1.99828E-02
 -3.55009E+00  1.99825E-02
 -3.54009E+00  1.99822E-02
 -3.53009E+00  1.99820E-02
 -3.52009E+00  1.99817E-02
 -3.51010E+00  1.99814E-02
 -3.50010E+00  1.99811E-02
 -3.49010E+00  1.99808E-02
 -3.48010E+00  1.99805E-02
 -3.47010E+00  1.99802E-02
 -3.46010E+00  1.99799E-02
 -3.45010E+00  1.99796E-02
 -3.44010E+00  1.99792E-02
 -3.43011E+00  1.99789E-02
 -3.42011E+00  1.99786E-02
 -3.41011E+00  1.99783E-02
 -3.40011E+00  1.99780E-02
 -3.39011E+00  1.99776E-02
 -3.38011E+00  1.99773E-02
 -3.37011E+00  1.99770E-02
 -3.36011E+00  1.99766E-02
 -3.35012E+00  1.99763E-02
 -3.34012E+00  1.99759E-02
 -3.33012E+00  1.99756E-02
 -3.32012E+00  1.99752E-02
 -3.31012E+00  1.99749E-02
 -3.30012E+00  1.99745E-02
 -3.29012E+00  1.99742E-02
 -3.28012E+00  1.99738E-02
 -3.27013E+00  1.99734E-02
 -3.26013E+00  1.99731E-02
 -3.25013E+00  1.99727E-02
 -3.24013E+00  1.99723E-02
 -3.23013E+00  1.99719E-02
 -3.22013E+00  1.99716E-02
 -3.21013E+00  1.99712E-02
 -3.20014E+00  1.99708E-02
 -3.19014E+00  1.99704E-02
 -3.18014E+00  1.99700E-02
 -3.17014E+00  1.99696E-02
 -3.16014E+00  1.99692E-02
 -3.15014E+00  1.99688E-02
 -3.14014E+00  1.99684E-02
 -3.13015E+00  1.99679E-02
 -3.12015E+00  1.99675E-02
 -3.11015E+00  1.99671E-02
 -3.10015E+00  1.99667E-02
 -3.09015E+00  1.99662E-02
 -3.08015E+00  1.99658E-02
 -3.07015E+00  1.99653E-02
 -3.06016E+00  1.99649E-02
 -3.05016E+00  1.99644E-02
 -3.04016E+00  1.99640E-02
 -3.03016E+00  1.99635E-02
 -3.02016E+00  1.99631E-02
 -3.01016E+00  1.99626E-02
 -3.00017E+00  1.99621E-02
 -2.99017E+00  1.99616E-02
 -2.98017E+00  1.99612E-02
 -2.97017E+00  1.99607E-02
 -2.96017E+00  1.99602E-02
 -2.95017E+00  1.99597E-02
 -2.94017E+00  1.99592E-02
 -2.93018E+00  1.99587E-02
 -2.92018E+00  1.99582E-02
 -2.91018E+00  1.99577E-02
 -2.90018E+00  1.99572E-02
 -2.89018E+00  1.99566E-02
 -2.88018E+00  1.99561E-02
 -2.87019E+00  1.99556E-02
 -2.86019E+00  1.99550E-02
 -2.85019E+00  1.99545E-02
 -2.84019E+00  1.99539E-02
 -2.83019E+00  1.99534E-02
 -2.82019E+00  1.99528E-02
 -2.81020E+00  1.99523E-02
 -2.80020E+00  1.99517E-02
 -2.79020E+00  1.99511E-02
 -2.78020E+00  1.99505E-02
 -2.77020E+00  1.99500E-02
 -2.76021E+00  1.99494E-02
 -2.75021E+00  1.99488E-02
 -2.74021E+00  1.99482E-02
 -2.73021E+00  1.99476E-02
 -2.72021E+00  1.99469E-02
 -2.71021E+00  1.99463E-02
 -2.70022E+00  1.99457E-02
 -2.69022E+00  1.99451E-02
 -2.68022E+00  1.99444E-02
 -2.67022E+00  1.99438E-02
 -2.66022E+00  1.99431E-02
 -2.65023E+00  1.99425E-02
 -2.64023E+00  1.99418E-02
 -2.63023E+00  1.99411E-02
 -2.62023E+00  1.99405E-02
 -2.61023E+00  1.99398E-02
 -2.60024E+00  1.99391E-02
 -2.59024E+00  1.99384E-02
 -2.58024E+00  1.99377E-02
 -2.57024E+00  1.99370E-02
 -2.56024E+00  1.99363E-02
 -2.55024E+00  1.99356E-02
 -2.54025E+00  1.99348E-02
 -2.53025E+00  1.99341E-02
 -2.52025E+00  1.99334E-02
 -2.51025E+00  1.99326E-02
 -2.50026E+00  1.99318E-02
 -2.49026E+00  1.99311E-02
 -2.48026E+00  1.99303E-02
 -2.47026E+00  1.99295E-02
 -2.46026E+00  1.99287E-02
 -2.45027E+00  1.99279E-02
 -2.44027E+00  1.99271E-02
 -2.43027E+00  1.99263E-02
 -2.42027E+00  1.99255E-02
 -2.41027E+00  1.99247E-02
 -2.40028E+00  1.99239E-02
 -2.39028E+00  1.99230E-02
 -2.38028E+00  1.99222E-02
 -2.37028E+00  1.99213E-02
 -2.36029E+00  1.99204E-02
 -2.35029E+00  1.99196E-02
 -2.34029E+00  1.99187E-02
 -2.33029E+00  1.99178E-02
 -2.32029E+00  1.99169E-02
 -2.31030E+00  1.99160E-02
 -2.30030E+00  1.99150E-02
 -2.29030E+00  1.99141E-02
 -2.28030E+00  1.99132E-02
 -2.27031E+00  1.99122E-02
 -2.26031E+00  1.99113E-02
 -2.25031E+00  1.99103E-02
 -2.24031E+00  1.99093E-02
 -2.23032E+00  1.99083E-02
 -2.22032E+00  1.99073E-02
 -2.21032E+00  1.99063E-02
 -2.20032E+00  1.99053E-02
 -2.19033E+00  1.99043E-02
 -2.18033E+00  1.99033E-02
 -2.17033E+00  1.99022E-02
 -2.16033E+00  1.99011E-02
 -2.15034E+00  1.99001E-02
 -2.14034E+00  1.98990E-02
 -2.13034E+00  1.98979E-02
 -2.12035E+00  1.98968E-02
 -2.11035E+00  1.98957E-02
 -2.10035E+00  1.98946E-02
 -2.09035E+00  1.98934E-02
 -2.08036E+00  1.98923E-02
 -2.07036E+00  1.98911E-02
 -2.06036E+00  1.98899E-02
 -2.05036E+00  1.98888E-02
 -2.04037E+00  1.98876E-02
 -2.03037E+00  1.98863E-02
 -2.02037E+00  1.98851E-02
 -2.01038E+00  1.98839E-02
 -2.00038E+00  1.98826E-02
 -1.99038E+00  1.98814E-02
 -1.98038E+00  1.98801E-02
 -1.97039E+00  1.98788E-02
 -1.96039E+00  1.98775E-02
 -1.95039E+00  1.98762E-02
 -1.94040E+00  1.98749E-02
 -1.93040E+00  1.98735E-02
 -1.92040E+00  1.98721E-02
 -1.91041E+00  1.98708E-02
 -1.90041E+00  1.98694E-02
 -1.89041E+00  1.98680E-02
 -1.88042E+00  1.98666E-02
 -1.87042E+00  1.98651E-02
 -1.86042E+00  1.98637E-02
 -1.85043E+00  1.98622E-02
 -1.84043E+00  1.98607E-02
 -1.83043E+00  1.98592E-02
 -1.82044E+00  1.98577E-02
 -1.81044E+00  1.98562E-02
 -1.80044E+00  1.98546E-02
 -1.79045E+00  1.98531E-02
 -1.78045E+00  1.98515E-02
 -1.77045E+00  1.98499E-02
 -1.76046E+00  1.98483E-02
 -1.75046E+00  1.98466E-02
 -1.74046E+00  1.98450E-02
 -1.73047E+00  1.98433E-02
 -1.72047E+00  1.98416E-02
 -1.71048E+00  1.98399E-02
 -1.70048E+00  1.98381E-02
 -1.69048E+00  1.98364E-02
 -1.68049E+00  1.98346E-02
 -1.67049E+00  1.98328E-02
 -1.66049E+00  1.98310E-02
 -1.65050E+00  1.98292E-02
 -1.64050E+00  1.98273E-02
 -1.63051E+00  1.98254E-02
 -1.62051E+00  1.98235E-02
 -1.61051E+00  1.98216E-02
 -1.60052E+00  1.98197E-02
 -1.59052E+00  1.98177E-02
 -1.58053E+00  1.98157E-02
 -1.57053E+00  1.98137E-02
 -1.56054E+00  1.98116E-02
