 Xvort = [
 -4.50000E+00 -5.20000E-01
 -4.48767E+00 -5.19018E-01
 -4.47533E+00 -5.18032E-01
 -4.46300E+00 -5.17045E-01
 -4.45067E+00 -5.16054E-01
 -4.43833E+00 -5.15061E-01
 -4.42600E+00 -5.14065E-01
 -4.41367E+00 -5.13066E-01
 -4.40134E+00 -5.12064E-01
 -4.38902E+00 -5.11060E-01
 -4.37669E+00 -5.10053E-01
 -4.36436E+00 -5.09042E-01
 -4.35203E+00 -5.08030E-01
 -4.33971E+00 -5.07014E-01
 -4.32738E+00 -5.05995E-01
 -4.31506E+00 -5.04973E-01
 -4.30274E+00 -5.03949E-01
 -4.29041E+00 -5.02921E-01
 -4.27809E+00 -5.01891E-01
 -4.26577E+00 -5.00858E-01
 -4.25345E+00 -4.99821E-01
 -4.24113E+00 -4.98782E-01
 -4.22881E+00 -4.97740E-01
 -4.21649E+00 -4.96694E-01
 -4.20418E+00 -4.95646E-01
 -4.19186E+00 -4.94594E-01
 -4.17955E+00 -4.93539E-01
 -4.16723E+00 -4.92482E-01
 -4.15492E+00 -4.91421E-01
 -4.14260E+00 -4.90357E-01
 -4.13029E+00 -4.89290E-01
 -4.11798E+00 -4.88219E-01
 -4.10567E+00 -4.87146E-01
 -4.09336E+00 -4.86069E-01
 -4.08105E+00 -4.84989E-01
 -4.06875E+00 -4.83906E-01
 -4.05644E+00 -4.82819E-01
 -4.04413E+00 -4.81729E-01
 -4.03183E+00 -4.80636E-01
 -4.01953E+00 -4.79539E-01
 -4.00722E+00 -4.78439E-01
 -3.99492E+00 -4.77336E-01
 -3.98262E+00 -4.76229E-01
 -3.97032E+00 -4.75119E-01
 -3.95802E+00 -4.74006E-01
 -3.94572E+00 -4.72889E-01
 -3.93342E+00 -4.71768E-01
 -3.92113E+00 -4.70644E-01
 -3.90883E+00 -4.69517E-01
 -3.89654E+00 -4.68386E-01
 -3.88424E+00 -4.67251E-01
 -3.87195E+00 -4.66113E-01
 -3.85966E+00 -4.64971E-01
 -3.84737E+00 -4.63825E-01
 -3.83508E+00 -4.62676E-01
 -3.82279E+00 -4.61523E-01
 -3.81051E+00 -4.60367E-01
 -3.79822E+00 -4.59206E-01
 -3.78593E+00 -4.58042E-01
 -3.77365E+00 -4.56874E-01
 -3.76137E+00 -4.55703E-01
 -3.74908E+00 -4.54527E-01
 -3.73680E+00 -4.53348E-01
 -3.72452E+00 -4.52164E-01
 -3.71225E+00 -4.50977E-01
 -3.69997E+00 -4.49786E-01
 -3.68769E+00 -4.48591E-01
 -3.67542E+00 -4.47392E-01
 -3.66314E+00 -4.46189E-01
 -3.65087E+00 -4.44982E-01
 -3.63860E+00 -4.43771E-01
 -3.62633E+00 -4.42555E-01
 -3.61406E+00 -4.41336E-01
 -3.60179E+00 -4.40112E-01
 -3.58952E+00 -4.38884E-01
 -3.57726E+00 -4.37652E-01
 -3.56499E+00 -4.36416E-01
 -3.55273E+00 -4.35176E-01
 -3.54046E+00 -4.33931E-01
 -3.52820E+00 -4.32682E-01
 -3.51594E+00 -4.31428E-01
 -3.50369E+00 -4.30170E-01
 -3.49143E+00 -4.28908E-01
 -3.47917E+00 -4.27641E-01
 -3.46692E+00 -4.26370E-01
 -3.45466E+00 -4.25094E-01
 -3.44241E+00 -4.23814E-01
 -3.43016E+00 -4.22529E-01
 -3.41791E+00 -4.21240E-01
 -3.40566E+00 -4.19946E-01
 -3.39342E+00 -4.18647E-01
 -3.38117E+00 -4.17343E-01
 -3.36893E+00 -4.16035E-01
 -3.35669E+00 -4.14722E-01
 -3.34444E+00 -4.13404E-01
 -3.33221E+00 -4.12082E-01
 -3.31997E+00 -4.10754E-01
 -3.30773E+00 -4.09422E-01
 -3.29549E+00 -4.08084E-01
 -3.28326E+00 -4.06742E-01
 -3.27103E+00 -4.05394E-01
 -3.25880E+00 -4.04041E-01
 -3.24657E+00 -4.02684E-01
 -3.23434E+00 -4.01321E-01
 -3.22211E+00 -3.99953E-01
 -3.20989E+00 -3.98580E-01
 -3.19767E+00 -3.97201E-01
 -3.18544E+00 -3.95817E-01
 -3.17322E+00 -3.94428E-01
 -3.16101E+00 -3.93034E-01
 -3.14879E+00 -3.91634E-01
 -3.13657E+00 -3.90228E-01
 -3.12436E+00 -3.88817E-01
 -3.11215E+00 -3.87401E-01
 -3.09994E+00 -3.85978E-01
 -3.08773E+00 -3.84551E-01
 -3.07552E+00 -3.83117E-01
 -3.06332E+00 -3.81678E-01
 -3.05112E+00 -3.80233E-01
 -3.03891E+00 -3.78782E-01
 -3.02671E+00 -3.77325E-01
 -3.01452E+00 -3.75862E-01
 -3.00232E+00 -3.74394E-01
 -2.99013E+00 -3.72919E-01
 -2.97793E+00 -3.71438E-01
 -2.96574E+00 -3.69951E-01
 -2.95355E+00 -3.68458E-01
 -2.94137E+00 -3.66959E-01
 -2.92918E+00 -3.65453E-01
 -2.91700E+00 -3.63941E-01
 -2.90482E+00 -3.62423E-01
 -2.89264E+00 -3.60898E-01
 -2.88046E+00 -3.59367E-01
 -2.86829E+00 -3.57829E-01
 -2.85611E+00 -3.56285E-01
 -2.84394E+00 -3.54734E-01
 -2.83177E+00 -3.53176E-01
 -2.81961E+00 -3.51611E-01
 -2.80744E+00 -3.50040E-01
 -2.79528E+00 -3.48461E-01
 -2.78312E+00 -3.46876E-01
 -2.77096E+00 -3.45284E-01
 -2.75880E+00 -3.43684E-01
 -2.74665E+00 -3.42078E-01
 -2.73450E+00 -3.40464E-01
 -2.72235E+00 -3.38843E-01
 -2.71020E+00 -3.37214E-01
 -2.69805E+00 -3.35579E-01
 -2.68591E+00 -3.33935E-01
 -2.67377E+00 -3.32284E-01
 -2.66163E+00 -3.30626E-01
 -2.64950E+00 -3.28960E-01
 -2.63736E+00 -3.27286E-01
 -2.62523E+00 -3.25604E-01
 -2.61311E+00 -3.23914E-01
 -2.60098E+00 -3.22216E-01
 -2.58886E+00 -3.20510E-01
 -2.57674E+00 -3.18796E-01
 -2.56462E+00 -3.17074E-01
 -2.55250E+00 -3.15344E-01
 -2.54039E+00 -3.13605E-01
 -2.52828E+00 -3.11857E-01
 -2.51617E+00 -3.10102E-01
 -2.50407E+00 -3.08337E-01
 -2.49196E+00 -3.06564E-01
 -2.47986E+00 -3.04782E-01
 -2.46777E+00 -3.02991E-01
 -2.45567E+00 -3.01191E-01
 -2.44358E+00 -2.99382E-01
 -2.43150E+00 -2.97564E-01
 -2.41941E+00 -2.95736E-01
 -2.40733E+00 -2.93899E-01
 -2.39525E+00 -2.92053E-01
 -2.38317E+00 -2.90197E-01
 -2.37110E+00 -2.88332E-01
 -2.35903E+00 -2.86456E-01
 -2.34696E+00 -2.84571E-01
 -2.33490E+00 -2.82676E-01
 -2.32284E+00 -2.80771E-01
 -2.31078E+00 -2.78856E-01
 -2.29873E+00 -2.76930E-01
 -2.28668E+00 -2.74994E-01
 -2.27463E+00 -2.73047E-01
 -2.26258E+00 -2.71090E-01
 -2.25054E+00 -2.69122E-01
 -2.23851E+00 -2.67143E-01
 -2.22647E+00 -2.65154E-01
 -2.21444E+00 -2.63153E-01
 -2.20241E+00 -2.61140E-01
 -2.19039E+00 -2.59117E-01
 -2.17837E+00 -2.57082E-01
 -2.16636E+00 -2.55035E-01
 -2.15434E+00 -2.52976E-01
 -2.14234E+00 -2.50906E-01
 -2.13033E+00 -2.48823E-01
 -2.11833E+00 -2.46728E-01
 -2.10633E+00 -2.44621E-01
 -2.09434E+00 -2.42502E-01
 -2.08235E+00 -2.40369E-01
 -2.07037E+00 -2.38224E-01
 -2.05839E+00 -2.36066E-01
 -2.04641E+00 -2.33895E-01
 -2.03444E+00 -2.31711E-01
 -2.02247E+00 -2.29513E-01
 -2.01051E+00 -2.27301E-01
 -1.99855E+00 -2.25076E-01
 -1.98659E+00 -2.22837E-01
 -1.97464E+00 -2.20583E-01
 -1.96270E+00 -2.18315E-01
 -1.95076E+00 -2.16033E-01
 -1.93882E+00 -2.13736E-01
 -1.92689E+00 -2.11424E-01
 -1.91496E+00 -2.09097E-01
 -1.90304E+00 -2.06755E-01
 -1.89112E+00 -2.04397E-01
 -1.87921E+00 -2.02023E-01
 -1.86730E+00 -1.99633E-01
 -1.85540E+00 -1.97227E-01
 -1.84350E+00 -1.94805E-01
 -1.83161E+00 -1.92366E-01
 -1.81972E+00 -1.89911E-01
 -1.80784E+00 -1.87438E-01
 -1.79596E+00 -1.84948E-01
 -1.78409E+00 -1.82440E-01
 -1.77222E+00 -1.79914E-01
 -1.76036E+00 -1.77370E-01
 -1.74851E+00 -1.74808E-01
 -1.73666E+00 -1.72227E-01
 -1.72482E+00 -1.69627E-01
 -1.71298E+00 -1.67008E-01
 -1.70115E+00 -1.64369E-01
 -1.68933E+00 -1.61711E-01
 -1.67751E+00 -1.59032E-01
 -1.66569E+00 -1.56333E-01
 -1.65389E+00 -1.53612E-01
 -1.64209E+00 -1.50871E-01
 -1.63029E+00 -1.48108E-01
 -1.61851E+00 -1.45324E-01
 -1.60673E+00 -1.42517E-01
 -1.59495E+00 -1.39688E-01
 -1.58319E+00 -1.36835E-01
 -1.57143E+00 -1.33960E-01
 -1.55967E+00 -1.31060E-01
 -1.54793E+00 -1.28136E-01
 -1.53619E+00 -1.25188E-01
 -1.52446E+00 -1.22215E-01
 -1.51273E+00 -1.19216E-01
 -1.50101E+00 -1.16191E-01
 -1.48930E+00 -1.13140E-01
 -1.47760E+00 -1.10062E-01
 -1.46591E+00 -1.06956E-01
 -1.45422E+00 -1.03823E-01
 -1.44254E+00 -1.00661E-01
 -1.43087E+00 -9.74695E-02
 -1.41921E+00 -9.42489E-02
 -1.40755E+00 -9.09980E-02
 -1.39591E+00 -8.77164E-02
 -1.38427E+00 -8.44034E-02
 -1.37264E+00 -8.10583E-02
 -1.36102E+00 -7.76804E-02
 -1.34940E+00 -7.42692E-02
 -1.33780E+00 -7.08238E-02
 -1.32620E+00 -6.73435E-02
 -1.31462E+00 -6.38277E-02
 -1.30304E+00 -6.02754E-02
 -1.29147E+00 -5.66859E-02
 -1.27991E+00 -5.30583E-02
 -1.26836E+00 -4.93918E-02
 -1.25682E+00 -4.56854E-02
 -1.24529E+00 -4.19382E-02
 -1.23376E+00 -3.81492E-02
 -1.22225E+00 -3.43174E-02
 -1.21074E+00 -3.04418E-02
 -1.19925E+00 -2.65212E-02
 -1.18776E+00 -2.25545E-02
 -1.17629E+00 -1.85405E-02
 -1.16482E+00 -1.44779E-02
 -1.15337E+00 -1.03656E-02
 -1.14192E+00 -6.20202E-03
 -1.13048E+00 -1.98588E-03
 -1.11905E+00  2.28432E-03
 -1.10763E+00  6.61013E-03
 -1.09622E+00  1.09931E-02
 -1.08482E+00  1.54351E-02
 -1.07343E+00  1.99377E-02
 -1.06205E+00  2.45028E-02
 -1.05067E+00  2.91323E-02
 -1.03930E+00  3.38284E-02
 -1.02794E+00  3.85931E-02
 -1.01659E+00  4.34287E-02
 -1.00524E+00  4.83376E-02
 -9.93906E-01  5.33223E-02
 -9.82572E-01  5.83854E-02
 -9.71243E-01  6.35297E-02
 -9.59919E-01  6.87581E-02
